Segment start id, Segment end id
1425341258, 1425341253
1425341258, 1425341253
1425341258, 1425341253
1425341258, 1425341253
1425341258, 1425341253
1425341258, 1425341253
1425341258, 1425341253
1425341258, 1425341253
1425341258, 1425341253
1425341258, 1425341253
1425341258, 1425341253
1425341258, 1425341253
1425341258, 1425341253
1425341258, 1425341253
1425341258, 1425341253
1425341258, 1425341253
1425341258, 1425341253
1425341258, 1425341253
1425341258, 1425341253
1425341258, 1425341253
1425341258, 1425341253
1425341258, 1425341253
1425341258, 1425341253
1425341258, 1425341253
1425341253, 541336244
1425341253, 541336244
1425341253, 541336244
1425341253, 541336244
1425341253, 541336244
1425341253, 541336244
1425341253, 541336244
1425341253, 541336244
1425341253, 541336244
1425341253, 541336244
1425341253, 541336244
1425341253, 541336244
1425341253, 541336244
1425341253, 541336244
541336244, 295262658
541336244, 295262658
541336244, 295262658
541336244, 295262658
541336244, 295262658
295262658, 2620542319
2620542319, 338171734
2620542319, 338171734
2620542319, 338171734
2620542319, 338171734
338171734, 663151605
663151605, 1430334292
1430334292, 433562692
1430334292, 433562692
1430334292, 433562692
1430334292, 433562692
1430334292, 433562692
1430334292, 433562692
1430334292, 433562692
1430334292, 433562692
1430334292, 433562692
1430334292, 433562692
1430334292, 433562692
1430334292, 433562692
433562692, 65481536
433562692, 65481536
433562692, 65481536
433562692, 65481536
433562692, 65481536
433562692, 65481536
433562692, 65481536
433562692, 65481536
433562692, 65481536
433562692, 65481536
433562692, 65481536
433562692, 65481536
433562692, 65481536
433562692, 65481536
65481536, 1430333878
65481536, 1430333878
65481536, 1430333878
65481536, 1430333878
65481536, 1430333878
65481536, 1430333878
65481536, 1430333878
65481536, 1430333878
65481536, 1430333878
65481536, 1430333878
65481536, 1430333878
65481536, 1430333878
65481536, 1430333878
65481536, 1430333878
65481536, 1430333878
65481536, 1430333878
65481536, 1430333878
65481536, 1430333878
65481536, 1430333878
65481536, 1430333878
65481536, 1430333878
65481536, 1430333878
65481536, 1430333878
65481536, 1430333878
65481536, 1430333878
65481536, 1430333878
65481536, 1430333878
65481536, 1430333878
65481536, 1430333878
65481536, 1430333878
65481536, 1430333878
65481536, 1430333878
65481536, 1430333878
65481536, 1430333878
65481536, 1430333878
65481536, 1430333878
65481536, 1430333878
65481536, 1430333878
65481536, 1430333878
65481536, 1430333878
65481536, 1430333878
65481536, 1430333878
65481536, 1430333878
65481536, 1430333878
65481536, 1430333878
65481536, 1430333878
65481536, 1430333878
65481536, 1430333878
65481536, 1430333878
65481536, 1430333878
65481536, 1430333878
65481536, 1430333878
65481536, 1430333878
65481536, 1430333878
65481536, 1430333878
65481536, 1430333878
65481536, 1430333878
65481536, 1430333878
65481536, 1430333878
65481536, 1430333878
65481536, 1430333878
65481536, 1430333878
65481536, 1430333878
65481536, 1430333878
65481536, 1430333878
65481536, 1430333878
65481536, 1430333878
65481536, 1430333878
65481536, 1430333878
65481536, 1430333878
65481536, 1430333878
65481536, 1430333878
65481536, 1430333878
65481536, 1430333878
65481536, 1430333878
65481536, 1430333878
65481536, 1430333878
65481536, 1430333878
65481536, 1430333878
65481536, 1430333878
65481536, 1430333878
65481536, 1430333878
65481536, 1430333878
65481536, 1430333878
65481536, 1430333878
65481536, 1430333878
1430333878, 1259141257
1430333878, 1259141257
1430333878, 1259141257
1430333878, 1259141257
1259141257, 191308683
1259141257, 191308683
1259141257, 191308683
1259141257, 191308683
191308683, 65384634
191308683, 65384634
191308683, 65384634
191308683, 65384634
65384634, 1702412094
65384634, 1702412094
65384634, 689498355
65384634, 689498355
65384634, 689498355
65384634, 689498355
65384634, 689498355
65384634, 689498355
65384634, 689498355
65384634, 689498355
65384634, 689498355
65384634, 689498355
65384634, 689498355
65384634, 689498355
689498355, 65384635
689498355, 65384635
689498355, 65384635
689498355, 65384635
689498355, 65384635
689498355, 65384635
689498355, 65384635
689498355, 65384635
689498355, 65384635
689498355, 65384635
689498355, 65384635
689498355, 65384635
689498355, 65384635
689498355, 65384635
689498355, 65384635
689498355, 65384635
689498355, 65384635
689498355, 65384635
689498355, 65384635
689498355, 65384635
689498355, 65384635
689498355, 65384635
689498355, 65384635
689498355, 65384635
689498355, 65384635
689498355, 65384635
689498355, 65384635
689498355, 65384635
689498355, 65384635
689498355, 65384635
689498355, 65384635
689498355, 65384635
689498355, 65384635
689498355, 65384635
689498355, 65384635
689498355, 65384635
689498355, 65384635
689498355, 65384635
689498355, 65384635
689498355, 65384635
689498355, 65384635
689498355, 65384635
689498355, 65384635
689498355, 65384635
689498355, 65384635
689498355, 65384635
689498355, 65384635
689498355, 65384635
689498355, 65384635
689498355, 65384635
689498355, 65384635
689498355, 65384635
689498355, 65384635
689498355, 65384635
689498355, 65384635
689498355, 65384635
689498355, 65384635
689498355, 65384635
689498355, 65384635
689498355, 65384635
689498355, 65384635
689498355, 65384635
689498355, 65384635
689498355, 65384635
689498355, 65384635
689498355, 65384635
689498355, 65384635
689498355, 65384635
689498355, 65384635
689498355, 65384635
689498355, 65384635
689498355, 65384635
689498355, 65384635
689498355, 65384635
689498355, 65384635
689498355, 65384635
689498355, 65384635
689498355, 65384635
689498355, 65384635
689498355, 65384635
689498355, 65384635
689498355, 65384635
689498355, 65384635
689498355, 65384635
689498355, 65384635
689498355, 65384635
689498355, 65384635
689498355, 65384635
689498355, 65384635
689498355, 65384635
689498355, 65384635
689498355, 65384635
689498355, 65384635
689498355, 65384635
689498355, 65384635
689498355, 65384635
689498355, 65384635
689498355, 65384635
689498355, 65384635
689498355, 65384635
689498355, 65384635
689498355, 65384635
689498355, 65384635
689498355, 65384635
689498355, 65384635
689498355, 65384635
689498355, 65384635
689498355, 65384635
689498355, 65384635
689498355, 65384635
689498355, 65384635
689498355, 65384635
689498355, 65384635
689498355, 65384635
689498355, 65384635
689498355, 65384635
689498355, 65384635
689498355, 65384635
689498355, 65384635
689498355, 65384635
689498355, 65384635
689498355, 65384635
689498355, 65384635
689498355, 65384635
689498355, 65384635
689498355, 65384635
689498355, 65384635
689498355, 65384635
65384635, 689498173
65384635, 689498173
65384635, 689498173
65384635, 689498173
65384635, 689498173
65384635, 689498173
689498173, 65384636
689498173, 65384636
689498173, 65384636
689498173, 65384636
689498173, 65384636
689498173, 65384636
65384636, 305587317
65384636, 305587317
305587317, 400483015
305587317, 400483015
400483015, 400481236
400483015, 400481236
400483015, 400481236
400483015, 400481236
400483015, 400481236
400483015, 400481236
400483015, 400481236
400483015, 400481236
400481236, 305587390
400481236, 305587390
400481236, 305587390
305587390, 305587464
305587464, 689496855
305587464, 689496855
305587464, 689496855
305587464, 689496855
689496855, 305587514
689496855, 305587514
305587514, 305587515
305587514, 305587515
305587514, 305587515
305587514, 305587515
305587514, 305587515
305587514, 305587515
305587514, 305587515
305587514, 305587515
305587514, 305587515
305587514, 305587515
305587514, 305587515
305587514, 305587515
305587514, 305587515
305587514, 305587515
305587514, 305587515
305587514, 305587515
305587514, 305587515
305587514, 305587515
305587514, 305587515
305587514, 305587515
305587514, 305587515
305587514, 305587515
305587514, 305587515
305587514, 305587515
305587514, 305587515
305587514, 305587515
305587514, 305587515
305587514, 305587515
305587514, 305587515
305587514, 305587515
305587514, 305587515
305587514, 305587515
305587514, 305587515
305587514, 305587515
305587514, 305587515
305587514, 305587515
305587514, 305587515
305587514, 305587515
305587514, 305587515
305587514, 305587515
305587514, 305587515
305587514, 305587515
305587514, 305587515
305587514, 305587515
305587514, 305587515
305587514, 305587515
305587514, 305587515
305587514, 305587515
305587514, 305587515
305587514, 305587515
305587514, 305587515
305587514, 305587515
305587514, 305587515
305587514, 305587515
305587514, 305587515
305587514, 305587515
305587515, 305587516
305587515, 305587516
65606845, 689496522
65606845, 689496522
65606845, 689496522
305587515, 305587516
305587515, 305587516
305587515, 305587516
305587515, 305587516
305587515, 305587516
305587515, 305587516
305587515, 305587516
305587515, 305587516
305587515, 305587516
305587516, 305587517
305587516, 305587517
305587516, 305587517
305587516, 305587517
1682725197, 65606845
1682725197, 65606845
1682725197, 65606845
1682725197, 65606845
305587516, 305587517
305587516, 305587517
305587516, 305587517
305587516, 305587517
305587516, 305587517
305587516, 305587517
305587516, 305587517
305587516, 305587517
305587516, 305587517
305587516, 305587517
305587516, 305587517
305587516, 305587517
305587516, 305587517
305587516, 305587517
305587516, 305587517
305587516, 305587517
305587516, 305587517
305587516, 305587517
305587516, 305587517
305587516, 305587517
305587516, 305587517
305587516, 305587517
305587516, 305587517
305587516, 305587517
305587516, 305587517
305587516, 305587517
305587516, 305587517
305587516, 305587517
305587516, 305587517
305587516, 305587517
305587516, 305587517
305587516, 305587517
305587516, 305587517
305587516, 305587517
305587516, 305587517
305587516, 305587517
305587516, 305587517
305587516, 305587517
305587516, 305587517
305587516, 305587517
305587516, 305587517
305587516, 305587517
1682725197, 65606845
1682725197, 65606845
305587516, 305587517
305587516, 305587517
305587516, 305587517
305587516, 305587517
305587516, 305587517
305587516, 305587517
305587516, 305587517
305587516, 305587517
305587516, 305587517
305587516, 305587517
1682725197, 65606845
1682725197, 65606845
305587516, 305587517
305587516, 305587517
305587516, 305587517
305587516, 305587517
305587516, 305587517
305587516, 305587517
305587516, 305587517
305587516, 305587517
305587516, 305587517
305587516, 305587517
305587516, 305587517
305587516, 305587517
305587516, 305587517
305587516, 305587517
305587516, 305587517
305587516, 305587517
305587516, 305587517
305587516, 305587517
305587516, 305587517
305587516, 305587517
305587516, 305587517
305587516, 305587517
305587516, 305587517
305587516, 305587517
305587516, 305587517
305587516, 305587517
305587516, 305587517
305587516, 305587517
305587516, 305587517
305587516, 305587517
305587516, 305587517
305587516, 305587517
305587517, 305587518
305587517, 305587518
305587517, 305587518
305587517, 305587518
305587517, 305587518
305587517, 305587518
305587517, 305587518
305587517, 305587518
305587517, 305587518
305587517, 305587518
305587517, 305587518
305587517, 305587518
305587517, 305587518
305587517, 305587518
2128326191, 65398254
2128326191, 65398254
305587518, 410426770
305587518, 410426770
305587518, 410426770
305587518, 410426770
305587518, 410426770
305587518, 410426770
305587518, 410426770
305587518, 410426770
305587518, 410426770
305587518, 410426770
305587518, 410426770
305587518, 410426770
305587518, 410426770
305587518, 410426770
305587518, 410426770
305587518, 410426770
410426770, 305587519
410426770, 305587519
410426770, 305587519
410426770, 305587519
410426770, 305587519
410426770, 305587519
410426770, 305587519
410426770, 305587519
410426770, 305587519
410426770, 305587519
410426770, 305587519
410426770, 305587519
410426770, 305587519
410426770, 305587519
410426770, 305587519
410426770, 305587519
410426770, 305587519
410426770, 305587519
305587208, 2128326191
305587208, 2128326191
305587208, 2128326191
305587208, 2128326191
305587208, 2128326191
305587208, 2128326191
305587208, 2128326191
305587208, 2128326191
410426770, 305587519
410426770, 305587519
410426770, 305587519
410426770, 305587519
410426770, 305587519
410426770, 305587519
410426770, 305587519
410426770, 305587519
410426770, 305587519
410426770, 305587519
410426770, 305587519
410426770, 305587519
410426770, 305587519
410426770, 305587519
410426770, 305587519
410426770, 305587519
410426770, 305587519
410426770, 305587519
410426770, 305587519
410426770, 305587519
410426770, 305587519
410426770, 305587519
410426770, 305587519
410426770, 305587519
410426770, 305587519
410426770, 305587519
410426770, 305587519
410426770, 305587519
410426770, 305587519
410426770, 305587519
410426770, 305587519
410426770, 305587519
410426770, 305587519
410426770, 305587519
410426770, 305587519
410426770, 305587519
410426770, 305587519
410426770, 305587519
410426770, 305587519
410426770, 305587519
410426770, 305587519
410426770, 305587519
410426770, 305587519
410426770, 305587519
410426770, 305587519
410426770, 305587519
410426770, 305587519
410426770, 305587519
410426770, 305587519
410426770, 305587519
410426770, 305587519
410426770, 305587519
410426770, 305587519
410426770, 305587519
410426770, 305587519
410426770, 305587519
410426770, 305587519
410426770, 305587519
410426770, 305587519
410426770, 305587519
410426770, 305587519
410426770, 305587519
410426770, 305587519
410426770, 305587519
410426770, 305587519
410426770, 305587519
410426770, 305587519
410426770, 305587519
410426770, 305587519
410426770, 305587519
410426770, 305587519
410426770, 305587519
410426770, 305587519
410426770, 305587519
410426770, 305587519
410426770, 305587519
410426770, 305587519
410426770, 305587519
410426770, 305587519
410426770, 305587519
410426770, 305587519
410426770, 305587519
410426770, 305587519
410426770, 305587519
410426770, 305587519
410426770, 305587519
410426770, 305587519
410426770, 305587519
410426770, 305587519
410426770, 305587519
410426770, 305587519
410426770, 305587519
410426770, 305587519
410426770, 305587519
410426770, 305587519
410426770, 305587519
305587519, 65547563
305587519, 65547563
305587519, 65547563
305587519, 65547563
65606852, 65547563
65606852, 65547563
65606852, 65547563
65606852, 65547563
65606852, 65547563
65606852, 65547563
65606852, 65547563
65606852, 65547563
65606852, 65547563
65606852, 65547563
65606852, 65547563
65606852, 65547563
65606852, 65547563
65606852, 65547563
65606852, 65547563
65606852, 65547563
65606852, 65547563
65606852, 65547563
65606852, 65547563
65606852, 65547563
65606852, 65547563
65606852, 65547563
65606852, 65547563
65606852, 65547563
65606852, 65547563
65606852, 65547563
65606852, 65547563
65606852, 65547563
65606852, 65547563
65606852, 65547563
65606852, 65547563
65606852, 65547563
65606852, 65547563
65606852, 65547563
65606852, 65547563
65606852, 65547563
65606852, 65547563
65606852, 65547563
65606852, 65547563
65606852, 65547563
65606852, 65547563
65606852, 65547563
65606852, 65547563
65606852, 65547563
65606852, 65547563
65606852, 65547563
65606852, 65547563
65606852, 65547563
65606852, 65547563
65606852, 65547563
65606852, 65547563
65606852, 65547563
65606852, 65547563
65606852, 65547563
65606852, 65547563
65606852, 65547563
65606852, 65547563
65606852, 65547563
65606852, 65547563
65606852, 65547563
65606852, 65547563
65606852, 65547563
65606852, 65547563
65606852, 65547563
65606852, 65547563
65606852, 65547563
65606852, 65547563
65606852, 65547563
65606852, 65547563
65606852, 65547563
65606852, 65547563
65606852, 65547563
65606852, 65547563
65606852, 65547563
65606852, 65547563
65606852, 65547563
65606852, 65547563
65606852, 65547563
65606852, 65547563
65606852, 65547563
65606852, 65547563
65606852, 65547563
65606852, 65547563
65606852, 65547563
65606852, 65547563
65606852, 65547563
65606852, 65547563
65606852, 65547563
65606852, 65547563
65606852, 65547563
65606852, 65547563
65606852, 65547563
65606852, 65547563
65606852, 65547563
65606852, 65547563
65606852, 65547563
65606852, 65547563
65606852, 65547563
65606852, 65547563
65606852, 65547563
65606852, 65547563
65606852, 65547563
65606852, 65547563
65606852, 65547563
518808821, 65606852
518808821, 65606852
518808821, 65606852
518808821, 65606852
518808821, 65606852
518808821, 65606852
65606852, 65547563
65606852, 65547563
518808821, 65606852
518808821, 65606852
872472626, 65606852
872472626, 65606852
872472626, 65606852
872472626, 65606852
872472660, 872472626
872472660, 872472626
872472660, 872472626
872472660, 872472626
872472660, 872472626
872472660, 872472626
872472660, 872472626
872472660, 872472626
872472637, 872472620
872472637, 872472620
931149282, 931149284
931149282, 931149284
931149282, 931149284
931149282, 931149284
931149314, 931149307
931149314, 931149307
931149314, 931149307
931149314, 931149307
931149314, 931149307
931149314, 931149307
931149314, 931149307
931149314, 931149307
931149314, 931149307
931149314, 931149307
931149314, 931149307
931149314, 931149307
931149280, 931149313
931149280, 931149313
931149280, 931149313
931149280, 931149313
931149280, 931149313
931149280, 931149313
931149300, 931149276
931149300, 931149276
931149300, 931149276
931149300, 931149276
65597267, 931149278
65597267, 931149278
65597267, 931149278
65597267, 931149278
65597267, 931149278
65597267, 931149278
65597267, 931149278
65597267, 931149278
65597267, 931149278
65597267, 931149278
942274196, 65597267
942274196, 65597267
942274196, 65597267
942274196, 65597267
942274196, 65597267
942274196, 65597267
942274196, 65597267
942274196, 65597267
942274196, 65597267
942274196, 65597267
942274196, 65597267
942274196, 65597267
942274196, 65597267
942274196, 65597267
942274196, 65597267
942274196, 65597267
942274196, 65597267
942274196, 65597267
942274196, 65597267
942274196, 65597267
942274196, 65597267
942274196, 65597267
942274196, 65597267
942274196, 65597267
942274196, 942274197
942274196, 942274197
942274196, 942274197
942274196, 942274197
942274196, 942274197
942274196, 942274197
942274196, 942274197
942274196, 942274197
942274196, 942274197
942274196, 942274197
1348054901, 65642737
1348054901, 65642737
1348054901, 65642737
1348054901, 65642737
1348054901, 65642737
1348054901, 65642737
65642737, 65444884
65642737, 65444884
65642737, 65444884
65642737, 65444884
65642737, 65444884
65642737, 65444884
65642737, 65444884
65642737, 65444884
1348054901, 65642737
1348054901, 65642737
65642737, 65444884
65642737, 65444884
65642737, 65444884
65642737, 65444884
65642737, 65444884
65642737, 65444884
65581459, 1347168033
65581459, 1347168033
65581459, 1347168033
65581459, 1347168033
65581459, 1347168033
65581459, 1347168033
65581459, 1347168033
65581459, 1347168033
65581459, 1347168033
65581459, 1347168033
65581459, 1347168033
65581459, 1347168033
65581459, 1347168033
65581459, 1347168033
65581459, 1347168033
65581459, 1347168033
65581459, 1347168033
65581459, 1347168033
65581459, 1347168033
65581459, 1347168033
65581459, 1347168033
65581459, 1347168033
65581459, 1347168033
65581459, 1347168033
65581459, 1347216537
65581459, 1347216537
65581459, 1347216537
65581459, 1347216537
65581459, 1347216537
65581459, 1347216537
65581459, 1347216537
65581459, 1347216537
1347216537, 65444881
1347216537, 65444881
1347216537, 65444881
1347216537, 65444881
1347216537, 65444881
1347216537, 65444881
1347216537, 65444881
1347216537, 65444881
1347216537, 65444881
1347216537, 65444881
1347216537, 65444881
1347216537, 65444881
1347216537, 65444881
1347216537, 65444881
1347216537, 65444881
1347216537, 65444881
1347216537, 65444881
1347216537, 65444881
1347216537, 65444881
1347216537, 65444881
1347216537, 65444881
1347216537, 65444881
65444881, 65528080
65444881, 65528080
65444881, 65528080
65444881, 65528080
65444881, 65528080
65444881, 65528080
65444881, 65528080
65444881, 65528080
65528080, 1347168030
65528080, 1347168030
65528080, 1347168030
65528080, 1347168030
65528080, 1347168030
65528080, 1347168030
65528080, 1347168030
65528080, 1347168030
1347168030, 65506346
1347168030, 65506346
1347168030, 65506346
1347168030, 65506346
1347168030, 65506346
1347168030, 65506346
1347168030, 65506346
1347168030, 65506346
1347168030, 65506346
1347168030, 65506346
1347168030, 65506346
1347168030, 65506346
1347168030, 65506346
1347168030, 65506346
1347168030, 65506346
1347168030, 65506346
1347168030, 65506346
1347168030, 65506346
1347168030, 65506346
1347168030, 65506346
1347168030, 65506346
1347168030, 65506346
1347168030, 65506346
1347168030, 65506346
1347168030, 65506346
1347168030, 65506346
1347168030, 65506346
1347168030, 65506346
65506346, 1347168036
65506346, 1347168036
65506346, 1347168036
65506346, 1347168036
65506346, 1347168036
65506346, 1347168036
1343999030, 65506346
1343999030, 65506346
