Segment start id, Segment end id
65659940, 65665810
65665810, 65665812
65665821, 65665823
65665821, 65665823
65665823, 65412405
65665823, 65412405
65665823, 65412405
65665823, 65412405
65665823, 65412405
65665823, 65412405
65665823, 65412405
65665823, 65412405
65412405, 2574077047
65412405, 2574077047
65412405, 2574077047
65412405, 2574077047
65412405, 2574077047
65412405, 2574077047
65412405, 2574077047
2574077047, 65665826
65665826, 2574077077
65665826, 2574077077
65665826, 2574077077
2574077077, 2574077079
2574077077, 2574077079
2574077079, 65665828
2574077079, 65665828
2574077079, 65665828
2574077079, 65665828
2574077079, 65665828
2574077079, 65665828
2574077079, 65665828
2574077079, 65665828
2574077079, 65665828
2574077079, 65665828
65665828, 1330035315
65665828, 1330035315
1330035315, 2574077099
1330035315, 2574077099
1330035315, 2574077099
1330035315, 2574077099
2574077099, 65683555
2574077099, 65683555
2574077099, 65683555
2574077099, 65683555
2574077099, 65683555
2574077099, 65683555
2574077099, 65683555
65683555, 2574077089
2574077089, 2986710320
2574077089, 2986710320
65683557, 65683558
65683557, 65683558
65683557, 65683558
65683558, 65683559
65683558, 65683559
65683558, 65683559
65683558, 65683559
65683558, 65683559
65683558, 65683559
65683559, 65559188
65683559, 65559188
65559188, 2674894533
65559188, 2674894533
65559188, 2674894533
65559188, 2674894533
2674894533, 2674894531
2674894533, 2674894531
2674894533, 2674894531
2674894533, 2674894531
2674894531, 65559212
2674894531, 65559212
2674894531, 65559212
65559212, 65559210
65559212, 65559210
65559210, 65559208
65559210, 65559208
65559210, 65559208
65559208, 689471495
65559208, 689471495
65559208, 689471495
689471495, 2674894534
689471495, 2674894534
689471495, 2674894534
689471495, 2674894534
689471495, 2674894534
2674894534, 65559205
2674894534, 65559205
2674894534, 65559205
65559205, 2172124241
2172124241, 65682757
2172124241, 65682757
65682757, 65584293
65682757, 65584293
65682757, 65584293
65682757, 65584293
65682757, 65584293
65682757, 65584293
65682757, 65584293
65682757, 65584293
65682757, 65584293
65682757, 65584293
65682757, 65584293
65584293, 689474885
689474885, 1758054040
689474885, 1758054040
689474885, 1758054040
1758054040, 1758054061
1758054061, 689474887
1758054061, 689474887
689474887, 340335106
689474887, 340335106
340335106, 2674894526
340335106, 2674894526
340335106, 2674894526
340335106, 2674894526
340335106, 2674894526
340335106, 2674894526
340335106, 2674894526
340335106, 2674894526
340335106, 2674894526
340335106, 2674894526
340335106, 2674894526
2674894526, 65461960
2674894526, 65461960
2674894526, 65461960
2674894526, 65461960
1758054039, 340335116
1758054039, 340335116
1758054039, 340335116
1758054039, 340335116
1758054039, 340335116
340335116, 65682760
65682760, 340335085
340335085, 65682761
340335085, 65682761
65682761, 340335086
65682761, 340335086
65682761, 340335086
340335086, 689476111
340335086, 689476111
689476111, 65682762
689476111, 65682762
689476111, 65682762
689476111, 65682762
65682762, 689475870
2674894535, 288210016
2674894535, 288210016
2674894535, 288210016
2674894535, 288210016
2674894535, 288210016
2674894535, 288210016
288210016, 2674894540
288210016, 2674894540
288210016, 2674894540
288210016, 2674894540
288210016, 2674894540
288210016, 2674894540
2674894540, 952932577
2674894540, 952932577
2674894540, 952932577
952932577, 847415658
952932577, 847415658
952932577, 847415658
952932577, 847415658
952932577, 847415658
847415658, 2674894545
847415658, 2674894545
847415658, 2674894545
847415658, 2674894545
847415658, 2674894545
847415658, 2674894545
847415658, 2674894545
2674894545, 65644358
2674894545, 65644358
2674894545, 65644358
2674894545, 65644358
2674894545, 65644358
2674894545, 65644358
2674894545, 65644358
2674894545, 65644358
2674894545, 65644358
2674894545, 65644358
65644358, 689478851
65644358, 689478851
689478851, 689478756
689478851, 689478756
689478851, 689478756
689478756, 2674894550
689478756, 2674894550
689478756, 2674894550
689478756, 2674894550
2674894550, 65682764
2674894550, 65682764
2674894550, 65682764
65682764, 2674894551
65682764, 2674894551
65682764, 2674894551
2674894551, 689479951
2674894551, 689479951
2674894551, 689479951
689479951, 65682766
689479951, 65682766
65682766, 689479297
65682766, 689479297
65682766, 689479297
65682766, 689479297
689479297, 689479299
689479297, 689479299
689479297, 689479299
689479299, 689479791
689479299, 689479791
689479299, 689479791
65381218, 689482700
65381218, 689482700
65381218, 689482700
65381218, 689482700
65381218, 689482700
65381218, 689482700
65381218, 689482700
65381218, 689482700
65381218, 689482700
65381218, 689482700
65381227, 65682769
65682769, 689481540
65682769, 689481540
689481540, 689481541
689481540, 689481541
689481542, 65682772
689481542, 65682772
65682772, 689481545
65682772, 689481545
65682772, 689481545
65682772, 689481545
65682772, 689481545
689481545, 65682774
689481545, 65682774
689481545, 65682774
65682774, 689480891
689480891, 689480893
689480891, 689480893
689480891, 689480893
689480891, 689480893
689480891, 689480893
689480891, 689480893
689480891, 689480893
689480891, 689480893
65682573, 65682781
65682573, 65682781
65682573, 65682781
65682573, 65682781
65682573, 65682781
65682573, 65682781
65682573, 65682781
65682573, 65682781
65682573, 65682781
65682573, 65682781
65682573, 65682781
65682573, 65682781
65682573, 65682781
65682781, 65682785
65682781, 65682785
65682781, 65682785
65682785, 2674894558
65682785, 2674894558
65682785, 2674894558
65682785, 2674894558
65682785, 2674894558
65682785, 2674894558
65682785, 2674894558
65682785, 2674894558
65682785, 2674894558
2674894558, 518816912
2674894558, 518816912
518816912, 65562620
518816912, 65562620
518816912, 65562620
65562620, 65562622
2674894560, 689505586
2674894560, 689505586
2674894560, 689505586
2674894560, 689505586
2674894560, 689505586
2674894560, 689505586
2674894560, 689505586
2674894560, 689505586
2674894560, 689505586
2674894560, 689505586
2674894560, 689505586
2674894560, 689505586
2674894560, 689505586
2674894560, 689505586
2674894560, 689505586
2674894560, 689505586
689505586, 65546898
689505586, 65546898
689505586, 65546898
689505586, 65546898
689505586, 65546898
689505586, 65546898
689505586, 65546898
689505586, 65546898
689505586, 65546898
689505586, 65546898
689505586, 65546898
689505586, 65546898
689505586, 65546898
689505586, 65546898
689505586, 65546898
65546898, 65476297
65546898, 65476297
65546898, 65476297
65546898, 65476297
65546898, 65476297
65546898, 65476297
65546898, 65476297
65546898, 65476297
65546898, 65476297
65546898, 65476297
65546898, 65476297
65546898, 65476297
65546898, 65476297
65546898, 65476297
65546898, 65476297
65546898, 65476297
65546898, 65476297
65546898, 65476297
65476297, 65562625
65476297, 65562625
65476297, 65562625
65476297, 65562625
65476297, 65562625
65476297, 65562625
65562625, 689494429
65562625, 689494429
65562625, 689494429
689494429, 621397383
689494429, 621397383
689494429, 621397383
689494429, 621397383
689494429, 621397383
689494429, 621397383
689494429, 621397383
689494429, 621397383
689494429, 621397383
689494429, 621397383
689494429, 621397383
689494429, 621397383
689494429, 621397383
689494429, 621397383
689494429, 621397383
689494429, 621397383
689494429, 621397383
689494429, 621397383
689494429, 621397383
689494429, 621397383
689494429, 621397383
689494429, 621397383
689494429, 621397383
689494429, 621397383
689494429, 621397383
689494429, 621397383
689494429, 621397383
689494429, 621397383
689494429, 621397383
689494429, 621397383
689494429, 621397383
689494429, 621397383
689494429, 621397383
689494429, 621397383
689494429, 621397383
689494429, 621397383
689494429, 621397383
689494429, 621397383
689494429, 621397383
689494429, 621397383
689494429, 621397383
689494429, 621397383
689494429, 621397383
689494429, 621397383
689494429, 621397383
689494429, 621397383
689494429, 621397383
689494429, 621397383
689494429, 621397383
689494429, 621397383
689494429, 621397383
689494429, 621397383
689494429, 621397383
689494429, 621397383
689494429, 621397383
689494429, 621397383
689494429, 621397383
689494429, 621397383
689494429, 621397383
689494429, 621397383
689494429, 621397383
689494429, 621397383
689494429, 621397383
689494429, 621397383
689494429, 621397383
305587317, 400483015
400483015, 400481236
400483015, 400481236
400483015, 400481236
400483015, 400481236
400481236, 305587390
400481236, 305587390
305587464, 689496855
305587464, 689496855
689496855, 305587514
305587514, 305587515
305587514, 305587515
305587514, 305587515
305587515, 305587516
305587516, 305587517
305587516, 305587517
305587516, 305587517
305587516, 305587517
305587516, 305587517
305587516, 305587517
305587517, 305587518
305587517, 305587518
305587518, 410426770
305587518, 410426770
305587518, 410426770
305587518, 410426770
410426770, 305587519
410426770, 305587519
410426770, 305587519
410426770, 305587519
410426770, 305587519
305587519, 65547563
305587519, 65547563
305587519, 65547563
65547563, 410410966
65547563, 410410966
65547563, 410410966
65547563, 410410966
65547563, 410410966
65547563, 410410966
65547563, 410410966
65547563, 410410966
65547563, 410410966
65547563, 410410966
65547563, 410410966
410410966, 869866450
410410966, 869866450
869866450, 869634629
869866450, 869634629
869866450, 869634629
869634629, 869866452
869634629, 869866452
869634629, 869866452
869634629, 869866452
869634629, 869866452
869634629, 869866452
869634629, 869866452
869634629, 869866452
869634629, 869866452
869634629, 869866452
869634629, 869866452
869634629, 869866452
869634629, 869866452
869634629, 869866452
869634629, 869866452
869634629, 869866452
869634629, 869866452
869634629, 869866452
869634629, 869866452
869634629, 869866452
869634629, 869866452
869634629, 869866452
869634629, 869866452
869634629, 869866452
869634629, 869866452
869634629, 869866452
869634629, 869866452
869634629, 869866452
869634629, 869866452
869634629, 869866452
869634629, 869866452
869634629, 869866452
869634629, 869866452
869866452, 1710414140
869866452, 1710414140
869866452, 1710414140
869866452, 1710414140
869866452, 1710414140
869866452, 1710414140
869866452, 1710414140
869866452, 1710414140
869866452, 1710414140
869866452, 1710414140
869866452, 1710414140
869866452, 1710414140
869866452, 1710414140
869866452, 1710414140
869866452, 1710414140
869866452, 1710414140
869866452, 1710414140
869866452, 1710414140
869866452, 1710414140
869866452, 1710414140
869866452, 1710414140
1710414140, 65547567
1710414140, 65547567
1710414140, 65547567
65547567, 1710414138
65547567, 1710414138
1710414138, 518808726
1710414138, 518808726
1710414138, 518808726
1710414138, 518808726
518808726, 3093762399
518808726, 3093762399
3093762399, 3093762385
3093762385, 410407688
3093762385, 410407688
3093762385, 410407688
3093762385, 410407688
3093762385, 410407688
410407688, 1710414133
410407688, 1710414133
410407688, 1710414133
410407688, 1710414133
410407688, 1710414133
410407688, 1710414133
410407688, 1710414133
410407688, 1710414133
410407688, 1710414133
410407688, 1710414133
410407688, 1710414133
1710414133, 65377807
1710414133, 65377807
1710414133, 65377807
1710414133, 65377807
65377807, 1456479279
65377807, 1456479279
65377807, 1456479279
65377807, 1456479279
65377807, 1456479279
65377807, 1456479279
65377807, 1456479279
65377807, 1456479279
65377807, 1456479279
1456479279, 1710414109
1456479279, 1710414109
1456479279, 1710414109
1456479279, 1710414109
1456479279, 1710414109
1456479279, 1710414109
1456479279, 1710414109
1456479279, 1710414109
1456479279, 1710414109
1456479279, 1710414109
1710414109, 65523348
1710414109, 65523348
1710414109, 65523348
1710414109, 65523348
1710414109, 65523348
65523348, 1256474453
65523348, 1256474453
65523348, 1256474453
65523348, 1256474453
65523348, 1256474453
65523348, 1256474453
1256474453, 1455585936
1256474453, 1455585936
1256474453, 1455585936
1256474453, 1455585936
1256474453, 1455585936
1256474453, 1455585936
1455585936, 1710414099
1455585936, 1710414099
1455585936, 1710414099
1455585936, 1710414099
1455585936, 1710414099
1455585936, 1710414099
1710414099, 65523831
1710414099, 65523831
1710414099, 65523831
1710414099, 65523831
1710414099, 65523831
1710414099, 65523831
1710414099, 65523831
1710414099, 65523831
1710414099, 65523831
1466250662, 1452328853
1466250662, 1452328853
1466250662, 1452328853
1452328853, 1452328758
1452328853, 1452328758
1452328853, 1452328758
1452328853, 1452328758
1452328758, 1452328713
1452328758, 1452328713
1452328713, 1452328612
1452328612, 1452328573
1452328612, 1452328573
1452328612, 1452328573
1452328573, 1452328529
1452328529, 65547569
1452328529, 65547569
1452328529, 65547569
1452328529, 65547569
1452328529, 65547569
1452328529, 65547569
1452328529, 65547569
1452328529, 65547569
65547569, 1422394966
1422394968, 65473180
1422394968, 65473180
1422394968, 65473180
1422394968, 65473180
1422394968, 65473180
1422394968, 65473180
1422394968, 65473180
65473180, 65622134
65473180, 65622134
65473180, 65622134
65473180, 65622134
65473180, 65622134
65473180, 65622134
65473180, 65622134
65622134, 65622137
65622134, 65622137
1452329141, 1422394975
1452329141, 1422394975
1452329141, 1422394975
1452329141, 1422394975
1452329141, 1422394975
1452329141, 1422394975
1452329141, 1422394975
1452329141, 1422394975
1452329141, 1422394975
1452329141, 1422394975
1452329141, 1422394975
1452329141, 1422394975
1452329141, 1422394975
1452329141, 1422394975
1452329141, 1422394975
1452329141, 1422394975
1452329141, 1422394975
1452329141, 1422394975
1452329141, 1422394975
1452329141, 1422394975
1452329141, 65523832
65523832, 1452329165
65523832, 1452329165
65523832, 1452329165
65523832, 1452329165
65523832, 1452329165
65523832, 1452329165
65523832, 1452329165
65523832, 1452329165
1452329165, 1256474184
1256474184, 1256474374
1256474184, 1256474374
1256474184, 1256474374
1256474184, 1256474374
1256474374, 1256474457
1256474374, 1256474457
1256474374, 1256474457
1256474457, 1256474140
1256474457, 1256474140
1256474457, 1256474140
1256474140, 1466250677
1256474140, 1466250677
1256474140, 1466250677
1256474140, 1466250677
1256474140, 1466250677
1256474140, 1466250677
1466250677, 65523353
1466250677, 65523353
1466250677, 65523353
1466250677, 65523353
1466250677, 65523353
1466250677, 65523353
65523353, 1466250687
65523353, 1466250687
65523353, 1466250687
1466250687, 1454534936
1466250687, 1454534936
1466250687, 1454534936
1466250687, 1454534936
1466250687, 1454534936
1466250687, 1454534936
1466250687, 1454534936
1466250687, 1454534936
1466250687, 1454534936
1466250687, 1454534936
1466250687, 1454534936
1466250687, 1454534936
1466250687, 1454534936
1466250687, 1454534936
1466250687, 1454534936
1466250687, 1454534936
1466250687, 1454534936
1454534936, 1256474153
1454534936, 1256474153
1454534936, 1256474153
1454534936, 1256474153
1256474153, 65377812
1256474153, 65377812
1256474153, 65377812
1454534949, 1256474118
1454534949, 410410070
1454534949, 410410070
1454534949, 410410070
1454534949, 410410070
410410070, 884703188
410410070, 884703188
410410070, 884703188
410410070, 884703188
410410070, 884703188
410410070, 884703188
410410070, 884703188
410410070, 884703188
410410070, 884703188
410410070, 884703188
410410070, 884703188
410410070, 884703188
410410070, 884703188
410410070, 884703188
410410070, 884703188
410410070, 884703188
410410070, 884703188
410410070, 884703188
884703188, 1256474534
884703188, 1256474534
884703188, 1256474534
1256474534, 65653767
1256474534, 65653767
1256474534, 65653767
1256474534, 65653767
869866449, 1256474111
869866449, 1256474111
869866449, 1256474111
869866449, 1256474111
869866449, 1256474111
869866449, 1256474111
869866449, 1256474111
869866449, 1256474111
869866449, 1256474111
869866449, 65606852
869866449, 65606852
869866449, 65606852
869866449, 65606852
869866449, 65606852
869866449, 65606852
869866449, 65606852
869866449, 65606852
869866449, 65606852
869866449, 65606852
869866449, 65606852
869866449, 65606852
869866449, 65606852
869866449, 65606852
65606852, 872472626
65606852, 872472626
65606852, 872472626
65606852, 872472626
65606852, 872472626
872472626, 872472637
872472626, 872472637
872472637, 931149282
872472637, 931149282
872472637, 931149282
931149282, 931149314
931149314, 931149313
931149313, 931149300
931149313, 931149300
931149313, 931149300
931149313, 931149300
931149300, 65597267
931149300, 65597267
931149300, 65597267
931149300, 65597267
931149300, 65597267
931149300, 65597267
931149300, 65597267
931149300, 65597267
931149300, 65597267
931149300, 65597267
65597267, 942274196
65597267, 942274196
65597267, 942274196
65597267, 942274196
65597267, 942274196
65597267, 942274196
65597267, 942274196
65597267, 942274196
65597267, 942274196
65597267, 942274196
65597267, 942274196
65597267, 942274196
65597267, 942274196
65597267, 942274196
65597267, 942274196
65597267, 942274196
942274196, 1347168044
942274196, 1347168044
942274196, 1347168044
942274196, 1347168044
942274196, 1347168044
942274196, 1347168044
942274196, 1347168044
1347168044, 65642737
1347168044, 65642737
1347168044, 65642737
1347168044, 65642737
1347168044, 65642737
65581459, 1347168033
65581459, 1347168033
65581459, 1347168033
65581459, 1347168033
65581459, 1347168033
65581459, 1347168033
65581459, 1347168033
65581459, 1347168033
65581459, 1347168033
65581459, 1347168033
65581459, 1347168033
65581459, 1347168033
65581459, 1347168033
65581459, 1347168033
65581459, 1347168033
65581459, 1347168033
65581459, 1347168033
65581459, 1347216537
65581459, 1347216537
1347216537, 65444881
1347216537, 65444881
1347216537, 65444881
1347216537, 65444881
1347216537, 65444881
1347216537, 65444881
1347216537, 65444881
1347216537, 65444881
1347216537, 65444881
65444881, 65528080
65444881, 65528080
65444881, 65528080
65444881, 65528080
65444881, 65528080
65528080, 1347168030
65528080, 1347168030
65528080, 1347168030
65528080, 1347168030
65528080, 1347168030
1347168030, 65506346
1347168030, 65506346
1347168030, 65506346
1347168030, 65506346
1347168030, 65506346
1347168030, 65506346
1347168030, 65506346
65506346, 1343999030
65506346, 1343999030
65506346, 1343999030
65506346, 1343999030
65506346, 1343999030
65506346, 1343999030
65506346, 1343999030
65506346, 1343999030
65506346, 1343999030
65506346, 1343999030
65506346, 1343999030
65506346, 1343999030
65506346, 1343999030
65506346, 1343999030
65506346, 1343999030
65506346, 1343999030
65506346, 1343999030
65506346, 1343999030
65506346, 1343999030
65506346, 1343999030
65506346, 1343999030
65506346, 1343999030
65506346, 1343999030
