Label, Distance Score, Tangent Score 
2.76878486755
2.76878486755
3.02771861081
3.02771861081
0.274205381725
2.47548877396
3.57613069421
3.57613069421
0.718896382846
1.81275026351
2.57925344911
0.0476115647554
1.38602555086
2.81965901091
2.6703592039
0.13872841512
2.39290001651
3.09712773539
0.565504641892
3.85952481435
8.25155376398
4.62192903559
6.81794526924
4.62192903559
4.62192903559
6.81794526924
9.01396208949
4.28633151124
7.5803587294
3.95073927993
7.24476913813
11.6368110083
8.34277938812
3.8543332853
1.25067591588
1.35298249265
3.05110297342
0.420445524877
1.37997039219
4.04826803816
6.71655992304
1.50921838407
0.705933185253
0.769302268595
6.17446389382
2.63925829528
0.840002361567
1.82721979657
3.62646180413
3.68974509946
13.553810742
1.45414649343
1.39032045954
0.458561317076
2.99859497069
3.80275328727
6.34282314971
1.59624343789
1.65999180911
0.85577604886
0.91950004988
1.8511279245
1.91441907842
1.10971618874
1.17298297042
12.5832895067
10.9105650803
10.1058111286
8.43305467049
7.62827135428
8.55945585216
8.6226390801
8.68581070212
2.63559386659
7.94414561905
10.6112818498
8.9384289689
8.13355769348
7.3286723796
6.52377302815
5.71885955156
4.91393210373
2.77283116835
1.22070949544
0.788807589496
3.57842369575
0.111569714255
4.33261260274
5.16062651671
5.03252425922
5.91892204065
5.95832373925
6.01152116711
5.97037860537
3.49146560356
2.42809751345
1.36473108234
0.301366339612
0.761996730014
1.82189179058
2.88119803587
2.55190231022
2.38725416344
3.44655706134
3.11725910875
1.4032976906
1.07937742157
2.14376509542
1.85119732086
2.76675715688
2.30830499854
2.66775974125
4.51867745563
4.59187039286
4.5104853011
6.61107670268
4.78034222896
6.53850023019
7.50754748013
2.80767752779
4.63811693681
1.22403024635
4.29139868938
5.82531600563
2.71042632226
7.01684288058
2.36716520398
2.96290215653
6.03241057792
1.38270380401
6.92600680211
3.51327016267
4.10912215366
0.696368098147
1.29220025487
4.3618112473
4.65971937803
3.72072888869
2.78173426286
3.08035251699
4.61605369429
8.62544861516
10.1611478542
7.68745167315
9.44589696073
5.86457500833
5.86457500833
9.70902109579
7.45412720353
6.32668002884
11.877441951
7.09610879406
6.07578238983
12.4500974784
11.5214309239
11.5214309239
10.5927642322
9.67472682534
8.8363266871
8.8363266871
6.22963178408
8.8363266871
8.21422210962
8.21422210962
5.17091199917
4.31294886556
4.31294886556
9.67472682534
3.7944566947
9.67472682534
4.31294886556
10.6095969477
10.6095969477
9.67472682534
6.35000911623
2.20614428782
5.3846551006
2.06955813954
6.90561066591
1.10418283646
7.59778119108
11.6050485961
6.63238586853
9.81086719714
7.12675108825
8.90339739407
15.5889591252
7.97020977712
0.826884786989
3.13009440098
6.84206943054
0.581597864151
5.1450716801
1.36114498103
6.57900401792
3.06418523109
0.264791243629
2.46084503798
2.37718076314
3.00096518502
4.96075558183
6.92054884536
5.49611896443
4.071691919
6.03149378764
3.90863725832
4.70852622545
5.05655777207
3.38013069745
5.10464383196
3.55165469598
0.670651646952
3.72074962508
2.97343884687
1.25993426397
3.19495679837
1.65939506571
0.83158646405
4.76761070714
3.85471558519
2.94183959889
0.850011796433
2.42076202619
3.3335755888
5.78702123829
4.95468906353
6.37756752744
10.0556447397
5.98801842247
8.53842235056
4.47073692347
7.02108174473
9.57139707329
6.63122218839
9.18147630304
11.7317008065
8.79142873472
5.85112267146
9.52884261333
7.71605454897
4.77564451972
8.45326037119
6.64036140048
10.3179071422
7.37735916447
5.56434922929
9.24179094655
5.1735715015
7.72338230366
10.2731635554
7.33241657991
8.75457761805
6.94132406032
10.6185373844
6.55010476763
9.09970240555
10.5217224009
6.45320324811
7.8751702753
9.30565644814
3.5343243388
6.6200888677
6.9480524859
6.14546437146
3.10207445698
8.64990687368
4.55899750181
1.59438583135
2.32412825997
5.73230378333
2.76761356236
0.756769889355
5.95149347804
1.81399876566
0.343466675302
3.16903598977
5.01901032845
0.840155996398
0.938601847474
4.02070205445
0.442284594456
5.40153436264
0.0234754830334
4.08288267047
8.14226628757
2.69405598565
6.20356015325
6.03299285866
5.82024092978
5.05155469667
3.37580055875
8.87274014981
2.82099215443
6.91826116226
0.449460231389
3.13114542665
1.19053396106
4.45071906369
6.44418990187
4.81204052725
15.6419144262
2.10630181057
3.68005627681
2.87396267109
2.79970521838
1.41669416288
1.26388599121
0.44882514797
1.25781028051
3.66841596337
1.37240347746
1.87541833752
4.16286747814
2.00137341758
0.469752217203
4.59147053885
0.569475601881
3.65730218279
1.48406431949
4.17397542926
8.87168674544
1.61712371718
3.43385753214
3.82064183186
3.92452004135
3.06802758416
3.17183378559
11.304037455
10.274246021
9.24441576092
7.31961128371
6.28970566642
6.15469251769
4.35006178954
4.35326512768
3.45720819556
3.46032704949
11.105181451
9.30979507693
9.31279062599
7.51733070014
7.52024406104
6.6239123376
6.62674128821
5.7303295367
4.83387891828
4.83658222495
4.83924214954
4.84185877087
3.92298226782
12.619717754
11.3838377784
10.4168509781
10.3467542871
9.37968766518
8.41258228944
8.34236027325
7.37517499329
7.30486879823
7.23451926108
6.26721324859
6.19677945805
6.12630240018
6.95268861048
6.88212274411
7.70841547239
7.64275745431
8.48545116971
9.32809684222
10.1706945484
11.0132443722
4.20052983952
5.04298134224
4.9880057616
5.8303637407
4.87792481482
6.61756369223
6.56241049735
7.40458135707
7.34933932151
8.19141666954
9.03344613648
9.8754275716
9.82000549759
10.6618934958
11.5037334642
11.4481770696
11.3925773238
11.3369342994
9.48656442473
9.43083940522
7.58057261155
5.72131882857
15.1061296042
13.2450397977
19.0418402119
17.1806831056
14.4225147965
16.5640185914
4.76868395254
9.66831491337
5.11604699998
10.0156258455
5.45557770881
11.2445669311
5.78654452902
9.48774654342
11.7207095372
3.87831625979
4.57270453378
5.33338665288
3.73123034546
2.70361997394
0.458230945382
3.82537420955
6.25719486585
8.87607392535
0.649622660205
3.64261530666
7.47315413828
10.9447362508
3.32029378809
7.93851330608
3.16431331018
0.483284279903
2.1855445025
1.44197208707
3.34013921869
3.10054007242
7.38212635778
2.48648919491
8.12813998166
5.49294490894
4.42103286268
4.01218992715
6.09841655587
4.33283231631
2.62398004581
0.793070444404
9.80770812884
7.73268639357
6.14590824618
4.55913285288
1.3826536515
8.73819366422
5.33539686968
2.65678408642
1.28015784284
0.509453525104
8.64140974315
6.71414304196
5.0622030214
3.13494301155
1.34534765599
0.306583760419
9.25728157294
8.15599705092
7.33003443284
6.64173275373
2.4028807392
1.92452602475
1.45419206868
0.983857913531
0.513523587457
0.0431890735957
0.969678238103
1.36521246011
2.25078889719
0.341875671426
0.715783434721
0.204114564799
1.97545703088
1.46506031089
0.954663411477
0.0661309525771
0.57652842
1.08692606593
1.59732390243
2.13659395531
2.30427977441
3.08789396969
3.25558015435
1.24010938797
0.638848590899
1.45801189838
5.09146812703
4.2609167383
4.17288982749
1.00968191263
0.82256840337
2.65481583906
3.15610849113
3.12055670345
3.7079578841
3.1423814398
3.72977245296
3.16625197809
0.934652128763
6.18558032534
2.58641616418
2.25766403341
0.741492786687
3.09570948602
0.334602198992
2.42651103621
1.17260657496
0.343601949559
2.01058281115
0.750556341169
0.358701742247
3.40555726613
0.890244000503
3.05801203494
1.68451496869
0.946630949991
0.15470307296
0.895464857256
1.97218225713
0.319968603112
2.6121134931
3.66226233525
7.19638534473
8.24652428419
8.63572127596
2.75336730104
3.25653999956
4.90782326767
1.32233710921
4.12266963287
0.610143199835
0.136218012806
4.94897887389
4.49171491809
4.03445652133
10.744841915
8.74943377922
14.0912973072
14.4290669613
12.4336784505
14.2758196945
11.1132114727
9.10774752453
8.13448823988
7.1612345943
6.18798655164
10.1143714422
7.25077345705
5.78095928794
3.59945615112
3.77060501323
2.76543638329
2.9365938804
3.1077553069
0.926282962136
7.15021602342
7.32139079368
8.6688858286
5.13993713871
10.0167274368
8.05242503104
8.05242503104
2.14465952593
1.05035871866
4.8111200124
7.38969486163
1.91818571976
5.59105801961
2.30814945989
4.88671547955
0.509499688835
4.18236585238
0.194854030374
3.47800905563
0.195091299219
2.7736451088
0.509275723988
2.06927400213
0.11934179084
3.55351291066
0.82372216575
3.94343895645
1.75481995518
0.660510238917
0.433799632392
4.33335973323
2.1447389828
1.05042838469
0.0438823539294
2.23250428249
3.62896408044
2.53465274883
0.346029656255
0.748282105443
1.84259402219
4.018873457
3.10983993131
1.83923365657
2.63763527867
3.81559703432
4.99355895942
4.99355895942
0.138816732946
1.31677896883
2.49474136408
4.85066662507
0.00407481094058
1.17388820589
3.52981471899
2.17204699678
3.5397754881
6.27523303866
3.58382117473
5.96762823709
8.35143594606
4.87778674132
8.45350044259
6.17175802881
2.69811136772
6.2738288964
2.80018382353
5.18399694083
2.9022603119
5.28607501901
1.81243281261
5.3881570243
1.91451640968
3.10642511443
4.29833398246
0.367214540826
2.01660398461
3.20851348919
0.265124576247
0.926785404964
3.31060583512
0.16303057833
2.22079111882
3.41270221419
0.0609326609902
3.51480252038
0.849043146855
0.849043146855
2.40812648679
2.16607835212
0.952084590115
2.0630468091
2.614189484
7.29142202912
1.93766057818
6.61488625451
2.04065581003
1.75404238245
3.70270669487
1.65107088449
2.24660130632
6.14427089396
0.768580897434
0.790485584115
3.12908452946
3.90861729858
5.46768253407
5.46768253407
6.24721499167
6.24721499167
6.24721499167
6.24721499167
6.24721499167
6.24721499167
6.24721499167
6.24721499167
7.02674734802
8.58581174507
0.11389141758
9.13879540466
6.9572835282
8.30474966691
3.59945615112
6.12324988264
6.29440109343
8.8181985944
2.9365938804
4.28407514918
5.63155887877
0.926282962136
3.45008987852
5.97389822115
7.32139079368
4.96875691678
7.49256944475
2.78730546298
6.85136760565
2.94800509854
2.94800509854
5.31546045098
8.27046969269
3.68196989297
4.34273422922
8.4448724736
11.3853040421
6.6968622947
7.18365510171
0.151006563877
4.15414323182
0.534281614899
6.05649656542
1.61150695832
1.85493741043
3.27047320281
2.34181003055
0.681080852849
2.98716874024
5.2932601627
5.68694436473
7.27334621801
1.5950559986
2.23508889664
4.76788882078
0.910386234074
1.62242278554
5.10161369618
7.63443105248
2.90254939156
7.32812577996
2.59624981048
5.12908232607
1.34358685809
6.71554609804
1.03730895106
5.46289957193
0.719418333989
0.719418333989
0.719418333989
5.59766110317
1.7840357441
2.02958757468
4.22316709776
1.3629517061
1.3629517061
1.3629517061
0.40954683209
0.40954683209
1.49726254155
4.75549417054
1.89528183336
0.01152575109
2.8717361758
3.3810230813
2.4276201125
2.4276201125
2.4276201125
3.3810230813
3.3810230813
3.3810230813
3.3810230813
3.3810230813
3.3810230813
3.3810230813
3.3810230813
3.3810230813
2.4276201125
1.47421727151
6.7735750901
3.91336848096
9.21272851703
4.44572196196
4.97808366073
4.97808366073
10.2774498737
8.37065094782
11.2308495296
2.1178843033
12.5772724441
14.7375307101
11.9643071833
10.2712165279
10.7383922882
10.1254426037
10.5926314887
11.059827449
12.6071660875
14.1545138969
9.68826713698
12.3157738531
8.92969126046
11.5572226449
13.1046223652
8.63843407878
11.2659992041
6.79983421285
10.3884170397
10.7484915636
8.24766216585
10.3811357791
6.89896756628
11.2854094983
7.80326665348
9.96154109502
13.2339240119
10.8659164994
15.2524268698
10.6562423274
11.7004658647
12.7446966924
8.14853833193
9.19278477806
9.12292996087
14.6934742075
10.1671899445
11.2812995375
11.2812995375
12.3954092813
12.3954092813
12.3954092813
12.3954092813
10.1671899445
11.2812995375
11.2812995375
11.2812995375
11.2812995375
11.2812995375
11.2812995375
12.3954092813
12.3954092813
12.3954092813
12.3954092813
12.3954092813
12.3954092813
12.3954092813
12.3954092813
12.3954092813
12.3954092813
12.3954092813
12.3954092813
12.3954092813
12.3954092813
12.3954092813
12.3954092813
12.3954092813
12.3954092813
12.3954092813
12.3954092813
12.3954092813
12.3954092813
12.3954092813
12.3954092813
12.3954092813
12.3954092813
12.3954092813
12.3954092813
12.3954092813
12.3954092813
12.3954092813
12.3954092813
15.737739397
15.737739397
8.98323639201
8.98323639201
10.0973467312
12.32556785
8.91391695209
16.7533688809
14.5394386687
14.565357992
13.471358152
17.596668264
16.39680616
6.21214004713
5.01228976658
3.81244591844
2.61260837028
1.41277718796
0.853512572833
0.549761467038
0.853687940187
1.1574293482
3.6605758592
3.96430846453
0.665190008442
0.665190008442
0.665190008442
0.665190008442
0.665190008442
0.665190008442
0.665190008442
0.665190008442
0.665190008442
0.665190008442
0.665190008442
0.665190008442
1.76489630617
1.76489630617
1.76489630617
1.76489630617
0.968914679725
0.148082782965
0.415956628365
4.73611133041
0.143214573469
2.07358139789
5.10558781761
0.153315326039
2.08371157691
7.22164633883
6.83299901967
10.8696980212
7.21504470018
10.6565628621
11.4197639319
6.2406647548
11.3134198009
8.33216518607
11.2171497997
15.1960495497
8.93312353455
10.7242367065
7.89806663185
8.69036310289
10.5821752449
7.7687646056
9.66059789555
12.6519531391
9.83858214564
10.6309319973
12.522805285
12.2156533596
14.1075430263
10.1947096013
13.186140173
15.078060386
11.1652613178
13.0572015014
14.9491511384
8.83733118666
10.7292983859
12.6212749842
15.6127914507
9.50100438915
11.3930091814
6.38077139379
8.27279497767
11.2643642458
13.1564078015
9.24374756912
12.5423648029
12.8891444951
8.79310386676
9.47810181454
5.38208214182
8.25351285307
11.1249554499
13.996409806
9.90043744453
11.678701916
6.4195360163
8.86553098332
11.3115375271
5.49966689487
7.99385767856
4.3390833272
7.49929991001
3.84454960078
7.00479016682
11.2734025301
7.6186895188
9.67060492964
6.01591451931
9.17621503572
6.62991512168
10.8986088974
8.35233858837
11.5126910682
8.7266012501
11.6753966917
7.69722350445
11.7433545045
7.7652063198
11.8113652277
8.9305581655
11.8794287898
8.99864964322
11.947545333
9.06679396759
2.89408846188
6.94034256667
1.86497974279
7.00858720843
9.95755544821
8.19538353427
13.3743403168
9.42752761472
12.025052891
8.11478855202
10.272678547
10.1536414972
13.9903275386
7.1643107409
18.2451393473
12.1663788602
6.97457557785
8.44082149386
10.9987482124
6.23179328493
8.65360245094
5.54436140053
8.60027275233
5.21770939142
8.14568084704
9.91884830914
7.69112837845
9.46431311458
7.14897637232
4.82782321191
6.64268656054
4.58366260967
7.63207117394
7.19763066967
6.18468525532
5.55019706973
1.8837874995
4.17053534326
8.28204496123
10.1923544908
11.0020650993
6.01784874836
10.671207467
6.43941520384
6.08956305413
6.83664837103
8.68067421581
9.42777497892
4.34038151948
5.08749760314
6.93155869245
7.67869016152
8.42582881371
4.77153235562
3.8491214948
5.56779354737
6.19653885646
5.7353543682
7.45405088856
8.08281765738
1.71078843171
3.42951057837
5.14824204084
6.86698288643
14.9587770866
9.40212595693
3.18416447079
3.91014291406
6.82753499326
6.45782541004
8.27953171938
9.00554083231
9.73155719161
4.60935657054
4.3180592441
5.31353012431
5.19757468585
5.08162459171
2.74280965275
8.29998624397
8.18404951711
8.0681181871
9.06363058747
8.94771078654
9.94323669689
10.9387698832
10.8228679579
8.48408508811
12.5394393912
5.27430921403
4.93451448618
6.78990634375
5.35253223698
7.20793934662
6.86816831749
7.62599719755
2.55609882831
3.31394304465
0.774090379828
1.06774808776
2.85531185389
5.7367034473
0.561317742164
2.34891074398
4.13651308546
5.92412478973
1.84260096755
4.72405831897
5.52979602349
7.44884577398
3.57903659519
4.39697190893
6.31604990446
10.4374110593
10.1542341993
5.1833387826
6.00131426423
7.91896557064
9.77560369313
11.5911103225
11.2162347514
6.08483792979
8.99622323867
9.71678520707
10.4373543493
12.2533502103
7.12199911247
8.93801370212
7.45666494501
12.4999530778
8.38272974069
11.2408408619
11.9137526487
7.79656215224
8.46949029083
11.3276434657
10.9079779087
5.69821694644
10.0686626445
8.1053461231
10.9439336819
5.70537758683
4.17767960453
4.83314036834
5.48860827151
5.05250366465
0.237271827341
0.379193351558
0.0758736196717
1.83473448083
3.74535205531
3.44031210568
3.16384258556
5.07537778197
4.78554599163
6.69722440796
6.40740491365
1.42476182508
5.08811145837
5.45268049988
7.33691014182
8.12304120519
2.00019889924
3.88564866612
7.96971924605
8.75588320819
2.63307382038
4.51856119046
5.30474777316
6.09094156378
6.85599587855
0.410024684435
1.44509436265
2.20259585843
1.86247671197
2.61999161102
2.27988391052
3.03741210287
3.79494747486
4.55249010316
0.518209311387
0.297522932018
0.0195784407493
0.843150064625
2.76824077319
3.59182779015
4.41542201718
6.34053862925
6.06263217146
6.8862480443
7.7098711291
8.53350141686
9.35713892735
7.94890690454
7.63941332403
8.42947880246
8.1199966814
2.00326774368
1.70847809543
3.62320522891
3.33604581279
4.14984048529
8.55363713342
8.26649278493
7.97935366602
6.57668500428
5.13579780813
3.69491433648
10.2795536169
8.83867815337
8.51945511906
7.14104158581
6.86362967871
4.38310113996
8.78934574027
6.30882183666
6.30882183666
7.41038395206
6.30882183666
6.30882183666
6.30882183666
6.30882183666
6.30882183666
6.30882183666
6.30882183666
5.20725987965
6.30882183666
7.41038395206
1.6251753486
3.82830030042
7.13298882756
2.44934440464
3.27352066364
7.67977939713
9.88290964516
5.19926969941
12.0773230087
13.7866225732
6.14857007196
6.14857007196
0.966864693624
1.59708996124
5.87035001243
1.31887553885
4.73748791803
0.668635257489
3.60463507587
2.65613873759
1.61713616164
4.1811024708
1.2250115622
2.78989795614
3.12735931495
3.12735931495
3.12735931495
0.201704054717
3.66730618318
2.48575587248
0.752953417709
1.84625112829
2.71265287334
4.44545671747
2.58082275838
0.840636772424
0.840636772424
0.840636772424
0.892686620913
0.892686620913
0.892686620913
0.0260248651884
0.892686620913
0.892686620913
2.62601048523
3.524650652
0.0580001498718
3.40865220737
3.7287947462
2.45815220052
4.19157455717
0.214319536623
4.12533238772
2.01610615562
3.18986829701
2.95156711474
2.25441360166
0.456801610782
3.06209665464
0.466934959404
3.00679618058
0.5222284675
2.95150730716
3.12507595404
3.12507595404
1.14446951307
4.16386349011
0.836154036651
6.14449555144
2.81720474783
1.39461861004
1.25971440278
3.02927033471
3.91404848206
3.02927033471
3.91404848206
3.91404848206
3.91404848206
3.91404848206
3.91404848206
3.91404848206
3.91404848206
5.68360512177
5.68360512177
5.68360512177
5.68360512177
5.68360512177
5.68360512177
6.56838362139
6.56838362139
6.56838362139
6.56838362139
6.56838362139
6.56838362139
0.297768372886
0.297768372886
0.587010480198
4.12612707302
5.89568608536
4.27248270379
0.87664957013
3.52206160125
1.6270665137
3.65139358965
6.29062523065
2.02124781546
3.78073733994
5.54022733451
0.488635960207
3.03034685414
6.54933154361
1.40021895127
4.03946011074
7.55844998373
1.27660712488
1.27660712488
2.55079264461
7.4016612642
3.57509791438
1.927326445
1.45304540182
5.67851275533
0.668999881221
2.71137739002
5.24666152126
2.79103785613
1.10084764181
1.10084764181
1.10084764181
1.10084764181
5.24666152126
4.40156670076
4.40156670076
4.40156670076
4.40156670076
4.40156670076
4.40156670076
4.40156670076
4.40156670076
3.55647198849
3.55647198849
4.40156670076
5.24666152126
6.09175646227
1.10084764181
0.255752362918
0.589343031463
1.43443853295
8.2211386634
7.1319632824
7.1319632824
3.25061139031
1.10609743463
1.42301639118
5.37637041438
0.677218639426
3.26779769855
1.10715664686
0.389678203466
4.07398971553
1.89490977708
1.41766496245
1.05843467848
2.24733129453
1.33068694091
3.85493137072
0.551275096679
2.75238250506
0.834848372513
0.266371565996
2.46881187456
2.46881187456
2.46881187456
2.46881187456
3.32085748339
2.46881187456
2.46881187456
3.32085748339
3.32085748339
3.32085748339
3.32085748339
3.32085748339
3.32085748339
3.32085748339
3.32085748339
3.32085748339
3.32085748339
4.42207786087
2.46881187456
2.46881187456
2.46881187456
2.46881187456
0.266371565996
0.266371565996
0.266371565996
0.834848372513
0.834848372513
0.834848372513
0.266371565996
0.266371565996
1.36759164689
4.42207786087
2.21963695537
1.11841628684
1.08402549922
2.18524660818
1.40197896898
0.800464583746
2.71373496865
0.8777728285
3.3683833544
2.13609860276
0.74639086174
1.8472884345
1.37969593434
1.37969593434
3.67136306705
4.01751611246
1.49199424641
2.13193813479
2.26171445545
0.835563787756
2.78647966914
0.509199283778
2.01428114069
2.01428114069
0.915720609991
0.915720609991
2.01428114069
2.01428114069
0.915720609991
0.915720609991
0.182840069794
0.182840069794
2.01428114069
0.915720609991
2.01428114069
2.01428114069
2.01428114069
2.01428114069
0.915720609991
2.01428114069
0.915720609991
0.182840069794
0.182840069794
0.182840069794
1.28140089939
1.28140089939
1.28140089939
2.37996187619
1.28140089939
1.28140089939
0.182840069794
0.915720609991
2.01428114069
0.915720609991
0.915720609991
0.182840069794
2.37996187619
2.30592338594
2.30592338594
2.30592338594
3.7635009396
1.77631482167
1.7223735409
0.49355468416
0.789201746931
3.17992009011
3.35331614189
0.0291083226502
2.41835882053
2.59146529351
1.84081979244
0.559649817624
1.82958935801
2.60270343322
0.894605080698
1.32154309285
1.32154309285
2.5110588065
2.5110588065
3.53197874532
2.38965422096
0.211314477949
0.211314477949
2.5753778726
2.5753778726
1.88959075355
0.713798308799
1.95555451443
3.25123160314
2.02150660715
2.31748734058
2.08744716871
1.38375239336
2.1533761322
1.31782807124
2.21904737557
1.35107359444
1.35107359444
2.05771469069
1.47728722175
2.86259504716
1.54037667354
3.66748935772
0.73547597356
2.73643934873
4.47239770848
2.53450034724
3.40247981904
3.40247981904
2.53450034724
1.6666486047
0.936105295914
2.67127514441
6.11408842854
1.5422564241
4.83676431388
7.01140938131
5.51652064358
1.83382844343
6.20944325361
2.52675413288
5.80846809189
2.12578165556
0.462997696849
2.8187206528
0.229945397379
4.60557424288
2.01680366551
1.66587317574
1.61585307087
2.06682107974
0.120998027828
3.56167399153
0.813967733123
1.90787853049
2.86828572559
2.86828572559
1.77411062894
1.77411062894
1.77411062894
0.414240003014
2.60259122055
2.60259122055
6.05880052628
6.05880052628
7.30750087654
7.30750087654
6.05880052628
5.86377572481
2.40668675341
6.85135201265
1.66572548626
6.11039709845
0.924778191344
3.64091861139
8.08560062197
7.22133259677
7.22133259677
1.23967749642
6.52194766869
1.32070064896
4.86922830612
8.41776014157
3.21652563634
8.49880879
4.18373832617
9.51418192858
7.79699646863
6.93840390651
6.93840390651
6.93840390651
6.07981146136
6.07981146136
6.93840390651
6.07981146136
6.07981146136
6.07981146136
6.06703006306
8.02519548788
32.4856687955
3.54909937921
7.96546038769
3.63153944085
6.31433976373
1.98042577013
5.53001764953
1.19611003639
7.3460517012
4.7457095675
0.41180832201
3.9614154996
0.372479373593
3.17713545251
1.15675304691
3.25964612209
1.07423658394
2.47539284042
0.124933307964
5.15825163346
3.42470237409
1.14432514612
1.70682064768
4.74328069777
5.46154000526
5.46154000526
4.43120260426
4.90941010851
0.621786343097
2.82455676548
0.34069980532
3.64485256141
1.16099153805
4.46514120763
1.98127599845
0.502591557599
3.90293455954
1.38295094378
1.02779702049
2.61763561282
1.7693954178
1.87604035137
3.60774293761
1.134452279
3.68313696606
0.392871386409
4.04128969426
2.94784082095
2.94784082095
4.99548551663
0.449171383537
2.20805705671
4.86528782505
4.25573370866
4.73511467521
6.30342803646
0.23013272592
1.33822105151
2.90787553238
4.47753358396
7.13602893709
1.69186237298
4.35036296831
2.17269852343
8.0403840416
6.17642789933
6.50882329074
3.21431019429
4.6448835806
6.07546063805
7.50604136184
4.21153619207
5.64212278357
7.07271299181
1.5818813209
4.10518641722
5.51522556265
5.83176721801
2.53429788683
5.04915845296
1.75169220997
3.95000289687
3.95000289687
2.85084748244
5.04915845296
5.04915845296
5.04915845296
5.04915845296
5.04915845296
5.04915845296
3.95000289687
3.95000289687
3.95000289687
3.95000289687
3.95000289687
2.85084748244
2.85084748244
2.85084748244
2.85084748244
2.85084748244
3.95000289687
2.85084748244
2.85084748244
2.85084748244
2.85084748244
2.85084748244
2.85084748244
2.85084748244
1.75169220997
2.85084748244
2.85084748244
2.85084748244
2.85084748244
2.85084748244
2.85084748244
2.85084748244
2.85084748244
2.85084748244
2.85084748244
2.85084748244
2.85084748244
2.85084748244
2.85084748244
2.85084748244
2.85084748244
2.85084748244
2.85084748244
2.85084748244
2.85084748244
2.85084748244
2.85084748244
2.85084748244
2.85084748244
1.75169220997
1.75169220997
0.446617882172
5.36729210722
4.26706173256
5.68938027455
3.49195243758
0.195811790976
4.91427612121
1.61813766885
5.23789124173
1.94175543714
5.56151158884
0.0689474586585
2.59506573975
5.12118636418
0.727797245825
3.28534580058
0.00294341859439
3.65073097692
0.362444391966
4.01612136919
0.368256929076
3.28542318212
1.09323579117
4.74691809791
1.4586394249
1.82963792729
0.368134950466
0.368134950466
0.368134950466
0.87009381449
1.61160113928
2.99179426477
1.41422099052
0.0340212418578
2.41702816112
4.77415736726
0.777254985515
1.57987962803
3.93701661513
0.504105847045
0.742756240668
3.0999009402
1.34121380137
2.12621345934
1.20446384988
1.20446384988
1.20446384988
1.20446384988
2.31465908712
1.20446384988
1.20446384988
1.20446384988
1.20446384988
1.20446384988
2.31465908712
4.48444867705
3.37425357468
3.37425357468
3.37425357468
3.37425357468
3.54730332749
0.224704939709
2.62098587566
1.80914086951
0.587144806071
2.98343278232
1.44668685289
0.157923025345
1.13084451646
3.52714320887
0.902965771271
0.385811321256
1.67459217983
4.07090153662
0.35919679369
2.03711730157
1.28545310802
3.32436166558
2.21661336472
1.10886521441
1.10886521441
1.10886521441
0.00111721349013
1.10663063729
2.21437834497
2.21437834497
4.05053386377
3.98072269432
1.35242464024
0.399773483216
3.02806978814
3.03482493329
0.406530739978
1.21284445075
4.04373445933
1.14307192251
0.609119177536
3.23740494067
2.82550024546
1.94940557569
2.82550024546
2.82550024546
1.94940557569
1.07331101849
0.67887773199
3.30715999012
2.76485651115
2.76485651115
2.76485651115
0.150525349684
4.20828539515
0.151497171518
1.8960010254
3.33455893243
2.76875305925
1.59004195612
3.33355914363
2.83658845141
0.154542837702
1.58746770599
2.45847280344
2.45847280344
5.9424920378
3.43115532229
3.4840405644
1.23521010571
2.06024041572
0.463517525729
1.88878820216
3.6036388702
2.17837553562
0.75311586695
2.86911580167
2.62332448098
0.998903599261
3.39505302915
0.87131793547
2.75090536457
1.64305772659
1.97916249487
1.31631269071
2.30590488183
0.98957293551
0.98957293551
0.98957293551
0.98957293551
2.08806584077
2.08806584077
3.27125277618
1.6577032485
0.512339035194
0.512339035194
0.512339035194
0.512339035194
0.0275407926233
2.49884700234
0.796068548255
1.72866021327
3.15264326341
1.24167526664
0.182301240603
2.70485540238
4.12882531275
1.36408644176
1.15845950053
2.58211574276
4.00552314388
0.388963277331
1.48758525324
3.31441435993
3.31441435993
3.31441435993
3.31441435993
3.31441435993
3.31441435993
3.31441435993
2.58620736965
2.58620736965
2.58620736965
2.58620736965
2.58620736965
2.58620736965
2.58620736965
2.58620736965
2.58620736965
2.58620736965
2.58620736965
2.58620736965
2.58620736965
2.58620736965
2.58620736965
2.58620736965
2.58620736965
2.58620736965
2.58620736965
2.58620736965
2.58620736965
2.58620736965
2.58620736965
2.58620736965
2.58620736965
2.58620736965
2.58620736965
2.58620736965
2.58620736965
2.58620736965
3.31441435993
0.965263128839
2.4018650872
4.48054001943
4.48054001943
2.7812150045
0.514712736395
3.10568895913
0.19024143811
3.43015762565
0.134224587341
3.16170977543
0.458685322068
2.83725168062
0.783140761265
2.51272996731
0.0098601855788
3.28590104679
0.335272875746
2.85785721241
2.63508625576
1.2110969205
1.31147920787
2.73546187543
1.65890376411
0.234927648754
2.43211281478
2.43211281478
0.414492228881
3.98006555965
1.45813927614
1.06378459625
3.33078023639
0.29434040609
5.1961915049
4.86704922877
2.34605125136
0.176127956929
3.11973235579
0.499735356622
1.69793326681
2.79676780194
4.99443731117
1.10490014969
1.10490014969
1.10490014969
1.10490014969
1.10490014969
1.10490014969
1.10490014969
1.10490014969
1.10490014969
1.10490014969
0.276633863953
1.37499542372
2.4733571333
3.57171899081
1.15089737399
2.14418996166
4.57011964294
0.369709507132
1.82877337841
2.77996945619
1.66618959719
1.60527979882
3.73010286268
0.43025910533
5.79466986174
1.63449057694
1.63641769785
3.69922322248
1.40144117567
1.40144117567
1.17155664747
1.47322100333
3.74453483421
1.50912835187
2.83899599439
4.57824491536
1.54504724512
0.675423301866
0.675423301866
0.675423301866
0.675423301866
0.194200516892
1.06382422335
1.933447812
3.67269464371
4.54231788473
2.45060072657
0.711355061081
0.158267603962
1.0278901442
2.76713488462
2.76713488462
1.89751256779
2.76713488462
2.76713488462
3.63675707899
4.50637915378
4.50637915378
3.35616363088
3.35616363088
3.35616363088
3.35616363088
3.35616363088
3.35616363088
3.35616363088
1.3456287042
1.3456287042
1.24825273561
4.58629375872
1.05351691345
6.6169282868
6.5195728405
6.42222274142
7.43756340198
7.34022490559
7.24289182757
7.14556404498
7.04824161109
6.39212642407
4.56867180899
5.20447486458
5.00964912638
4.81482871427
5.72671763626
4.42520385023
5.33710526579
7.35572083184
9.23189677591
9.8776171735
10.5233447871
4.17732959174
9.63268009855
5.1749786503
3.46536029345
3.91432968909
4.36330615113
3.73299548638
4.18198508004
2.47238980096
2.92139151148
2.29110248259
5.44525417411
7.38697984053
8.38922729347
7.26618762146
13.3474076844
10.5661904138
6.88600014341
4.28759458999
4.62097337287
7.41002989732
6.25089863531
5.09176737422
3.93263611221
4.16803284404
3.00890158203
3.2442981061
1.29110442929
3.47201613666
4.0199217482
2.2018525242
0.536696683893
1.17285548234
1.38473457762
1.05491500138
3.44607053406
0.60571028927
2.0280325812
0.566166385235
1.09002046975
5.55838886503
4.0112557089
7.22843348227
2.03587597132
5.94814756328
1.85536131241
1.06197493644
5.84814145211
5.14704009922
5.5611811343
5.97531697193
8.57556408787
5.29638906935
7.89663209267
5.71051350949
2.43133454669
5.03157224543
1.75239021091
5.44568528837
8.04591720407
3.2968323464
6.37734526455
7.11872038185
8.93223820215
1.4271997084
1.09640955097
7.93986775108
7.60906355535
7.27825227525
5.87528008647
5.54445381625
5.17654207731
10.3762555098
7.51061516443
4.64496297575
3.96550209193
2.1929315367
7.3925970323
5.6200077676
3.84740915391
2.07480111748
0.839492365829
7.9739615211
8.88920051423
8.74363604326
3.43964247138
5.41566600277
8.45248640276
6.33088542578
5.27008472045
3.14848289625
4.20928388037
4.20928388037
4.20928388037
4.20928388037
4.20928388037
3.14848289625
4.20928388037
3.14848289625
4.20928388037
3.14848289625
9.36770241937
2.08768176706
9.36770241937
9.36770241937
8.30690115542
8.30690115542
8.30690115542
7.24609974025
7.24609974025
7.24609974025
7.24609974025
6.18529818962
6.18529818962
6.18529818962
7.24609974025
7.24609974025
7.24609974025
7.24609974025
7.24609974025
7.24609974025
7.24609974025
7.24609974025
7.24609974025
7.24609974025
7.24609974025
7.24609974025
7.24609974025
7.24609974025
7.24609974025
7.24609974025
7.24609974025
7.24609974025
7.24609974025
8.30690115542
7.24609974025
7.24609974025
7.24609974025
6.18529818962
5.12449649251
5.12449649251
5.12449649251
5.12449649251
5.12449649251
5.12449649251
5.12449649251
6.18529818962
5.12449649251
7.24609974025
7.24609974025
0.0339209108438
1.02688050433
1.02688050433
1.02688050433
2.08768176706
2.08768176706
2.08768176706
2.08768176706
2.08768176706
2.08768176706
2.08768176706
3.14848289625
3.14848289625
2.08768176706
2.08768176706
1.02688050433
1.02688050433
1.02688050433
1.02688050433
0.0339209108438
0.0339209108438
2.15552415858
4.06369466136
4.06369466136
