Label, Distance Score, Tangent Score 
0.616755716373
5.26389534781
0.383322667322
14.4968673108
7.26403707689
7.26403707689
10.381706933
6.40902475695
4.09531074852
1.27948534965
3.5931984263
0.37948529191
1.93422654531
3.09108224294
3.09108224294
0.881602971987
2.58896224392
3.74581700823
6.05952606488
6.05952606488
0.239572002067
3.83285295713
0.17470653956
3.28813951254
1.58914117598
1.15155913836
2.37834109806
0.142174233069
3.38772318397
0.867205024942
3.22046823698
0.699947726933
3.05320936163
1.87657862436
3.05320936163
3.05320936163
3.05320936163
0.64626870167
6.78488091824
0.920199233791
0.920199233791
0.920199233791
2.09811856688
3.25725893197
0.47499619355
3.95241496215
1.17014943939
3.48842690911
0.706159126094
3.02443505034
0.242164878698
0.242164878698
2.56043926572
1.84497109073
2.30897617128
2.32756330606
2.772985064
2.772985064
1.61385073699
0.454716566265
0.704417456445
3.10155525113
3.10155525113
3.10155525113
3.10155525113
0.293214162009
2.20306099346
2.50976691269
2.50976691269
1.16471782435
2.36990051623
3.40823525049
3.40823525049
0.911951597941
1.58433348321
1.95027777155
0.546010125953
0.632192833234
1.81039563977
1.81039563977
1.81039563977
2.98859829723
2.98859829723
2.98859829723
2.98859829723
1.86409696404
1.86409696404
1.07396976048
1.07396976048
0.496846047395
2.70036717903
2.70036717903
0.121238489287
3.90818849703
4.33765972033
9.04081625373
2.89593291362
2.4808346274
3.7585522984
3.15442345749
4.62118418594
4.62118418594
1.54875400633
2.31686139533
0.0125395325913
0.0125395325913
0.0125395325913
0.0125395325913
0.0125395325913
0.0125395325913
0.0125395325913
0.0125395325913
0.0125395325913
0.0125395325913
0.0125395325913
0.0125395325913
0.0125395325913
0.0125395325913
0.755567550583
1.52367453095
2.2917814111
3.06782790673
4.62851066757
5.40885189198
5.40885189198
5.40885189198
5.40885189198
6.18919301048
6.96953402411
0.492688186792
3.96092374482
10.3005845014
10.3005845014
9.01076677869
3.41291525042
7.22626600482
9.514275239
3.98767545739
3.98767545739
3.22500632522
3.22500632522
3.22500632522
11.8022835536
11.8022835536
3.98767545739
3.98767545739
3.98767545739
4.75034449035
4.75034449035
4.75034449035
4.75034449035
4.75034449035
4.75034449035
4.75034449035
4.75034449035
4.75034449035
4.75034449035
4.75034449035
3.98767545739
3.98767545739
3.98767545739
3.98767545739
3.98767545739
3.98767545739
3.98767545739
3.98767545739
3.98767545739
3.98767545739
3.98767545739
3.98767545739
3.98767545739
4.75034449035
3.98767545739
3.98767545739
3.98767545739
3.98767545739
3.98767545739
3.98767545739
3.98767545739
3.98767545739
3.98767545739
3.98767545739
3.98767545739
3.98767545739
3.98767545739
3.98767545739
3.98767545739
3.98767545739
3.98767545739
3.98767545739
3.98767545739
11.8022835536
11.0396142147
11.0396142147
11.0396142147
11.0396142147
11.0396142147
11.0396142147
11.0396142147
11.0396142147
11.0396142147
11.0396142147
11.0396142147
10.2769447798
9.514275239
9.514275239
9.514275239
9.514275239
9.514275239
9.514275239
7.22626600482
7.22626600482
7.22626600482
7.22626600482
7.22626600482
7.22626600482
7.22626600482
7.22626600482
7.22626600482
7.22626600482
7.22626600482
7.22626600482
7.22626600482
7.22626600482
7.22626600482
7.22626600482
7.22626600482
7.22626600482
7.22626600482
7.22626600482
7.22626600482
7.22626600482
7.22626600482
7.22626600482
7.22626600482
7.22626600482
7.22626600482
7.22626600482
7.22626600482
7.22626600482
7.22626600482
7.22626600482
7.22626600482
7.22626600482
7.22626600482
7.22626600482
7.22626600482
7.22626600482
7.22626600482
7.22626600482
7.22626600482
7.22626600482
7.22626600482
7.22626600482
7.22626600482
7.22626600482
7.22626600482
7.22626600482
7.22626600482
7.22626600482
7.22626600482
7.22626600482
7.22626600482
7.22626600482
7.22626600482
7.22626600482
4.93825585824
5.70092601232
5.70092601232
7.22626600482
7.98893584995
10.2769447798
3.22500632522
5.51301341637
7.03835097184
8.56368811349
9.32635653836
10.0890248537
10.0890248537
10.0890248537
9.70930516812
14.2819468431
11.2967636337
13.6579324437
13.6579324437
1.32579321831
6.76997976437
6.04807609161
1.61071359075
1.61071359075
2.34072970415
2.34072970415
3.16028735345
5.52136814897
5.513012209
1.45587331669
7.72176462109
7.72176462109
5.62589854528
4.74829155073
8.94951358832
8.94951358832
9.2081432006
0.932931276647
0.932931276647
4.33102329706
5.54525122933
4.62284115628
3.63454273441
3.63454273441
2.97567601906
1.98737429851
1.26261844366
0.361639916133
10.7465699425
1.56822702348
1.56822702348
2.58992483285
2.58992483285
6.77329802791
5.97863918476
5.21525319678
4.56301338281
3.8564190703
3.17495379972
2.53200636902
1.79014256194
1.24610815843
0.727680997257
2.91039048529
1.45311552189
1.45311552189
0.967407447331
0.967407447331
1.9484234957
1.6544098935
1.91024628466
2.54492842334
2.54492842334
2.34870690069
1.34260935076
1.34260935076
2.22971213412
2.85658849394
1.19036983839
1.4137375952
4.01783939498
2.9630171277
3.84936189311
0.372671731758
2.2314039559
0.486183066371
5.70808494526
2.21763989273
1.34502834343
0.400195116468
0.400195116468
0.400195116468
0.400195116468
0.400195116468
0.400195116468
0.400195116468
0.400195116468
0.400195116468
0.400195116468
0.400195116468
0.400195116468
0.400195116468
0.400195116468
0.400195116468
0.400195116468
0.400195116468
0.400195116468
0.400195116468
0.400195116468
0.400195116468
0.400195116468
0.400195116468
0.400195116468
0.400195116468
0.400195116468
0.400195116468
0.400195116468
0.400195116468
0.400195116468
0.400195116468
0.400195116468
0.400195116468
0.400195116468
0.400195116468
0.400195116468
0.400195116468
0.400195116468
0.400195116468
0.400195116468
0.400195116468
0.400195116468
0.400195116468
0.400195116468
0.400195116468
0.400195116468
0.400195116468
0.400195116468
0.400195116468
0.400195116468
380.109140383
376.717911779
380.109140383
1.27280702037
3.94908933989
1.33125153633
7.43054630963
0.459313330457
3.07945356144
3.95677541912
3.95677541912
1.27166537781
2.21986475674
3.87999302641
3.00270050759
2.12541741243
2.11955561171
1.24229250477
1.23645282951
0.353391986435
2.09042131594
2.09042131594
1.36087560323
4.76241674454
3.06159159793
3.98504943846
2.80892665531
2.6196795732
2.4304207607
4.00782222892
2.93520502091
3.62925032747
2.55660707635
1.16607354329
2.1693797037
2.26621911102
3.24077778518
4.46486708964
2.61256979907
1.87288001573
2.32186153047
5.59670276681
5.59670276681
1.14287132686
1.55851468019
2.50744620136
4.33263024101
1.77663346151
0.973122855812
1.04586306569
2.38635464299
4.06608215158
2.06052438508
1.3881144945
0.361713282794
3.86137025027
3.96183454907
2.2120051349
1.33709025066
1.33709025066
1.33709025066
1.33709025066
1.33709025066
1.33709025066
1.33709025066
1.33709025066
1.33709025066
1.33709025066
1.33709025066
1.33709025066
1.33709025066
1.33709025066
1.33709025066
1.33709025066
1.33709025066
1.33709025066
1.33709025066
1.33709025066
1.33709025066
1.33709025066
1.33709025066
1.33709025066
1.33709025066
2.2120051349
1.33709025066
1.33709025066
0.462175254425
1.33709025066
0.412739867187
0.412739867187
1.28765510138
1.28765510138
1.28765510138
1.28765510138
1.28765510138
1.28765510138
1.28765510138
1.28765510138
1.28765510138
1.28765510138
1.28765510138
1.28765510138
1.28765510138
1.28765510138
1.28765510138
1.28765510138
1.28765510138
1.28765510138
1.28765510138
1.28765510138
1.28765510138
1.28765510138
1.28765510138
1.28765510138
1.28765510138
1.28765510138
1.28765510138
1.28765510138
1.28765510138
1.28765510138
1.28765510138
1.28765510138
1.28765510138
1.28765510138
1.28765510138
1.28765510138
1.28765510138
1.28765510138
1.28765510138
1.28765510138
1.28765510138
0.462175254425
0.412739867187
0.412739867187
3.03748591825
3.03748591825
3.03748591825
3.03748591825
3.03748591825
3.03748591825
3.03748591825
3.03748591825
3.03748591825
3.03748591825
3.03748591825
3.03748591825
3.03748591825
3.03748591825
2.16257045483
3.03748591825
3.03748591825
4.78731721103
1.28570995304
2.21466031193
1254.82140104
3.80487543768
3.80487543768
1.30186468363
1.31814211357
1.75513264754
1.08240668554
0.446079943994
3.06607267931
0.22850971758
0.665471381213
0.00446035352965
0.775986699588
2.65538859874
2.65538859874
3.43585107027
3.79480365105
3.01432781559
2.23384472073
2.55230707528
2.09026158783
1.98711522355
1.66867841553
1.35024689926
0.0671377871823
0.385559606462
2.51807466426
2.51807466426
1.02832213162
0.237081512069
0.9355969418
0.539990730678
1.23851945641
0.213668742102
0.213668742102
1.68333075378
1.38046822617
1.12226154168
2.52505220251
0.471912466343
0.169071107037
2.06611527448
2.82725009293
4.28250551507
0.837349711178
0.837349711178
0.109703041216
5.36958456815
0.38608902741
3.14066135544
3.14066135544
2.86545987658
0.163450929965
0.163450929965
5.06971801786
5.89621719221
7.82439627732
1.76571260701
3.693909417
2.31708780291
2.04194638351
2.86848781638
0.384202543824
2.56930231901
1.85600734085
1.14270519326
0.42939588147
1.37894494269
2.09226962384
3.05122135512
3.43290873324
1.6245340281
0.911179644399
4.10068618843
4.10068618843
1.86584950641
2.08644087882
1.89267940076
1.89267940076
3.66168898249
0.0946516941075
0.315203192043
5.21018038598
4.93740693876
2.03168795741
2.03168795741
0.517800832812
0.874016367241
0.133590009773
3.15632053782
5.3495949668
0.489794116167
1.70348119685
1.70348119685
1.70348119685
1.70348119685
1.70348119685
1.70348119685
10.4765883069
10.4765883069
10.4765883069
11.5732273515
9.02375849029
12.3136782679
13.0541363664
13.0541363664
10.5046757107
7.95521746412
5.40576150132
10.8885972676
12.7173841906
11.1794695195
10.7314681814
7.01066804716
11.3740891023
8.74414803247
8.29592302116
8.93856122802
8.49034765473
6.95127956028
5.4122151063
9.77565773567
8.23659984015
7.78840807485
8.43108512375
10.6128125568
9.0737692492
8.17742595739
5.54752803653
12.092732217
9.46284019366
3.61289557841
7.92406581025
7.47674903141
7.47674903141
3.30935933554
5.49120710974
3.95298043372
1.3238319085
1.30531427499
0.214388271304
3.93445813055
0.661677933249
0.661677933249
0.661677933249
3.81453856962
3.81453856962
1.68147724035
0.832403755075
2.14974296702
8.74497825115
5.13190158097
7.01442445523
0.212956001327
0.570003856337
8.264143695
6.84878955349
4.39845636328
6.29240800355
5.95220609443
6.36948574264
1.29844418453
2.05593581857
3.91110558532
4.66861268204
0.402393672787
0.742545409318
1.11914136999
1.11914136999
1.37889608423
0.575887483735
0.227128321523
2.13050161269
5.93727649264
5.93727649264
0.159100581138
6.44302445795
8.34644128638
0.0493725426258
2.44862496667
0.852447033152
0.619454938353
1.43710567291
1.11507066649
1.11507066649
3.6421323052
2.69433663412
5.06725347111
8.23266418394
8.23266418394
5.85407989213
8.0716822489
10.2892852063
4.58429966573
4.58429966573
4.58429966573
4.58429966573
4.58429966573
4.58429966573
5.69310151289
5.69310151289
5.69310151289
5.69310151289
5.69310151289
12.5068887512
