1.18922820082
0.487944196031
0.804297572686
7.81244123804
3.64042337454
7.54223664478
8.31757132409
10.9389401461
6.78456730169
1.27162345973
1.89090079961
1.89090079961
0.330789231449
0.330789231449
1.63899420661
0.246819995686
2.86757985182
1.92268232776
1.0093315409
1.53596292173
0.688886029094
1.21689093115
1.74662998301
0.060226134566
0.782645905423
0.782645905423
0.782645905423
0.782645905423
0.782645905423
0.782645905423
0.591165376137
0.591165376137
1.62551811235
2.51461130575
2.51461130575
2.22513365021
2.20159548945
2.14863472181
2.14863472181
3.04022845242
6.9004159542
6.9004159542
1.48507799015
3.5331540296
3.5331540296
4.30518895376
6.76369294976
0.771057317372
11.1672866181
0.861157281102
5.01966339586
0.874076616839
3.91049398137
0.995465315363
0.365588040044
1.52404327611
1.52404327611
2.15392021365
5.16075207903
5.16075207903
1.30388252013
1.30388252013
1.30388252013
1.30388252013
2.40893985842
3.10964384164
3.10964384164
3.10964384164
3.81470255977
4.26547491382
3.54085118268
0.0763706402728
0.301919789803
0.762210546558
0.0712033439171
0.718138726332
1.67072611655
1.05145854726
0.3244317527
1.5324252622
0.147267907877
0.147267907877
0.147267907877
0.147267907877
1.81393600826
1.81393600826
3.41167052782
2.04712047259
2.63401848693
2.94320614583
2.86601899447
3.44080421701
2.64075150628
1.04064555351
0.240592283338
0.815375309172
0.590103427581
0.209950942131
0.364829877869
2.03533540568
2.03533540568
0.110104366798
1.20584971216
1.20584971216
0.23085494622
0.562962122961
0.29886471681
1.0900382789
0.228253274981
0.0455988893948
1.55101862094
1.55101862094
1.55101862094
1.55101862094
1.55101862094
1.55101862094
1.55101862094
1.55101862094
1.55101862094
0.0126094201323
1.34369351427
0.10221038497
0.10221038497
0.10221038497
1.46662716086
1.336147053
1.23866703997
0.252274416068
0.387965165343
0.387965165343
0.607161938546
1.81394419468
1.06645450211
1.06645450211
1.79643116167
1.79643116167
1.52960366021
0.271111939781
2.0207057625
2.28610561157
2.19085852767
0.468335544784
0.468335544784
3.95281897261
0.104410381722
0.882358222357
0.882358222357
0.882358222357
1.27133222417
2.82722873927
3.60457922795
3.60457922795
3.20662947528
3.20662947528
1.4551057962
1.4551057962
4.27430542954
3.13822313095
0.10542890209
3.46422486538
4.44362096091
1.58675418731
0.198789100035
2.69855170396
5.80812571158
3.52187381527
1.23561977977
0.724028234031
2.3570694502
6.83550543955
5.52907081206
4.22034110151
3.55905073266
3.55905073266
4.22034110151
4.22034110151
4.22034110151
3.55905073266
2.89776018536
1.57517855993
1.57517855993
0.583352152728
2.71706442665
6.03536119328
4.26789489968
1.91127097289
1.50104831522
6.24084573199
4.00002278199
1.01225605446
0.565738766413
1.37477543045
2.58833082849
7.66664406597
6.45430280259
5.24196105509
1.9156666122
0.406172845259
11.8461300568
0.812272596986
0.812272596986
3.13396087925
2.00611570292
2.65183882918
1.50431052789
4.52564754017
4.52564754017
2.34423078565
4.47126074396
2.99853274378
2.26216859304
6.19846910497
6.19846910497
5.06243650597
3.92640375387
3.92640375387
3.92640375387
0.911122972604
0.911122972604
0.911122972604
0.911122972604
1.52784982332
1.57451213351
1.57451213351
0.375743426804
1.28084541921
1.55099764927
1.94598853743
1.90586226239
1.60715857609
0.0594527743767
2.07895970586
0.412351096573
1.31235829271
0.129057865945
0.333269053678
1.64432915952
2.27953634875
2.27953634875
2.70997224193
2.70997224193
2.70997224193
2.70997224193
2.70997224193
2.70997224193
0.865034806793
0.865034806793
0.0460745674167
0.501628174332
0.387618934495
0.523483961783
0.523483961783
0.365766887985
1.25501936877
2.34568112512
2.80122862127
1.91197238009
2.36751807305
1.78566737169
2.26204347883
2.26204347883
1.29288923929
1.29288923929
1.29288923929
1.29288923929
1.48046723366
1.29288923929
1.29288923929
1.29288923929
1.29288923929
1.50653261127
1.50653261127
2.60166980197
2.60166980197
9.07617426433
2.58378926388
2.80788919758
0.715517378303
2.07431431633
6.61535834848
2.77933182
0.359239533321
6.58677208196
3.44819234384
0.0391229048285
2.37334988538
2.37334988538
2.16018144149
0.252249873568
6.8494797144
6.8494797144
3.71086139154
0.885677311324
0.833115672447
6.8895512413
6.8895512413
0.701380676474
5.71650751066
5.71650751066
1.37881560779
2.23593295343
4.54341127379
0.567176430748
7.34650896978
2.64730789751
1.32894554333
7.6192378265
1.45406852152
3.26073572822
2.77748211601
1.57465970792
4.82622167294
0.111385924744
6.5122528645
2.16008254063
2.55477651858
3.48338651415
0.86880590962
5.16934137287
0.454450180854
3.89776434329
1.77767350801
2.93724225628
2.7381771779
1.97675559767
4.0982734914
0.155204951928
6.36163101636
2.4625968639
9.33387821455
5.43483259968
0.742829345552
1.06874719581
1.06874719581
4.62090026972
1.52116822395
4.62090026972
4.62090026972
2.49432982943
3.64161567968
3.64161567968
4.21525871904
3.06797271787
3.06797271787
3.06797271787
3.06797271787
3.06797271787
3.06797271787
3.06797271787
3.06797271787
3.06797271787
3.06797271787
3.06797271787
3.06797271787
3.06797271787
3.06797271787
3.06797271787
3.06797271787
0.773401633534
0.773401633534
0.773401633534
1.34704428727
0.773401633534
0.773401633534
1.34704428727
1.34704428727
1.34704428727
0.773401633534
0.199759051481
0.37388344717
0.37388344717
0.37388344717
0.37388344717
0.37388344717
0.37388344717
0.37388344717
0.37388344717
0.37388344717
0.37388344717
0.37388344717
0.37388344717
0.37388344717
0.37388344717
0.37388344717
0.37388344717
0.37388344717
0.37388344717
0.37388344717
0.37388344717
0.37388344717
0.37388344717
0.37388344717
0.37388344717
0.37388344717
0.199759051481
1.34704428727
3.64161567968
3.64161567968
11.2654799101
4.07016490945
8.5510686073
2.33405257824
6.86628233698
1.78233351872
6.98588857709
2.2129070473
8.54686688226
4.59705833664
1.03729933408
8.94684299552
7.54430136911
6.14177020044
4.81504021894
4.33641032996
3.46938474628
2.60236860516
2.60236860516
2.60236860516
9.07148142336
1.69826220867
8.63955136573
6.85201521761
2.53763350532
6.9165148624
7.79229148732
3.4116216712
5.0292932619
0.828290938187
4.02472901788
0.593661798332
2.80649121132
2.80649121132
6.47094267383
10.0810446147
8.98424786439
6.79065390146
6.79065390146
0.144120478753
0.498114738534
4.14250097729
0.244681073911
4.49650315965
0.109324619868
0.109324619868
5.08828009708
0.652113844465
4.11969175419
4.11969175419
0.778904400964
2.57180092206
3.22175408758
0.0780064291744
0.0780064291744
0.0780064291744
1.02191359665
2.12183377187
2.12183377187
2.12183377187
2.12183377187
2.12183377187
3.22175408758
3.22175408758
3.22175408758
3.22175408758
3.22175408758
3.22175408758
3.22175408758
3.22175408758
4.32167455311
4.32167455311
4.32167455311
4.32167455311
3.22175408758
3.22175408758
3.22175408758
3.22175408758
3.22175408758
2.12183377187
2.12183377187
2.12183377187
1.02191359665
1.17792630665
4.69673964009
3.6061986985
2.51565791195
1.42511726708
1.42511726708
3.6061986985
3.6061986985
1.42511726708
1.42511726708
1.42511726708
1.42511726708
1.42511726708
0.334576761254
0.755963590249
5.1501213885
4.05958132702
1.87850163053
0.302577477038
4.51296918854
2.33189124894
0.150813892301
5.06148145563
1.6397671829
0.597344188345
5.03636119112
5.03636119112
5.78113913972
5.78113913972
1.4098278081
5.1053864119
2.91627154474
2.91627154474
1.29015749979
3.78015688031
0.477708789133
1.86798373391
4.35907676857
2.1574480938
4.80595085797
0.467234414408
0.617444334211
3.18223327007
0.071800804271
1.15647853905
5.89723444606
5.89723444606
4.8125568582
3.72787941607
1.55852495728
0.696629635728
4.27756047672
2.10887299605
3.19321665923
3.74085957133
0.670403374766
1.79243637575
1.79243637575
3.15246429178
5.61530934281
0.101243555801
0.358469805457
2.82132364322
4.18249561161
0.227832273485
2.23825086587
0.294015540751
2.76010575732
0.554947406523
0.554947406523
0.547631545883
0.547631545883
0.547631545883
5.22744409819
3.02277027005
0.818097040732
1.38657560807
1.38657560807
5.51521771424
5.51521771424
0.695795036316
1.86170184723
3.32314007965
1.0611024303
0.387813532719
2.91285145231
1.04436942259
3.56941439154
3.56941439154
1.92248223385
2.66317419792
2.66317419792
0.103577642313
0.264210079206
0.264210079206
1.927600574
4.03571606293
4.03571606293
4.03571606293
4.03571606293
1.72784895158
2.65602964943
2.16877044222
2.16877044222
2.16877044222
2.03739494009
0.436894749106
0.436894749106
2.91173235207
0.981395036413
2.35647098276
2.35647098276
0.430514045009
0.430514045009
2.59945591081
0.123109261532
0.123109261532
3.50129491609
3.15178625384
1.5294078719
1.77688007839
1.79789630365
0.695801056025
0.695801056025
0.406294050371
2.61048380557
0.964295727424
6.41290358678
0.216554891961
2.79884481512
2.54512904798
0.823600937584
1.00298217817
0.718548695131
0.718548695131
2.52074973278
1.76698431555
1.76698431555
2.62352130514
2.5423088251
0.786104816843
1.8482020806
0.645253815166
3.02034943569
1.36014497015
3.55039305601
0.115206172624
3.17016836159
0.599697278689
0.219481300398
3.44611096752
2.02952570357
2.73119112158
2.73119112158
1.64932202205
0.921134947579
3.45938287614
3.07919148644
0.586388494457
2.69900537054
0.966571977157
1.22369220589
4.05407439451
5.47179656693
4.1051331821
4.1051331821
5.47179656693
4.1051331821
1.08437431902
1.94528063521
0.45136036794
2.87262274602
0.453855235626
2.06266414169
2.33330774844
0.915786994818
1.60592698033
3.03481766084
2.46606535525
0.0655286251487
1.4889127244
2.90551175774
0.384234557882
3.23488303533
1.16000035788
3.35744292893
3.03449552851
3.03449552851
0.585765082308
0.512752451341
0.512752451341
1.61127013292
2.70978796285
2.70978796285
3.10850440649
3.10850440649
3.10850440649
0.961756762638
2.83193607356
2.83193607356
0.308182190438
2.21556934862
3.27686211936
0.672140126501
3.7218129765
1.19807442521
1.19807442521
2.42415152187
0.87131793547
1.65241480934
0.880670912182
2.41480471091
0.108919815135
0.108919815135
1.40901714581
2.09221760275
2.09221760275
2.09221760275
2.74113008754
0.518158184837
0.518158184837
1.8380806662
2.55393093135
0.0275407926233
2.49884700234
0.796068548255
2.82723874618
0.46849729705
4.25122253345
0.955484288122
1.24167526664
1.24167526664
1.24167526664
2.34025526408
4.57662271847
3.47804256452
2.37946227749
0.182301240603
2.01486037575
2.70485540238
0.507692618496
3.0302432556
3.35562581882
0.0598761267602
3.68073625298
1.80828022693
1.80828022693
0.965263128839
0.965263128839
2.4018650872
2.4018650872
0.583929984122
4.20433212836
0.908402177206
2.3875290984
2.3875290984
1.23286907914
1.55733069266
2.83725168062
0.783140761265
2.51272996731
1.10844697126
1.10844697126
2.18731382214
1.43386053791
2.96049100628
0.66068026588
3.18326108761
1.2110969205
1.31147920787
4.18147454139
0.560312137143
0.863664723931
2.43211281478
4.30471617839
4.30471617839
2.881425893
0.359499021435
4.75406091673
1.90187192033
1.90187192033
0.626492501869
3.76834059172
2.34605125136
3.11973235579
2.79676780194
0.276633863953
2.24925952181
0.0525350696596
3.2901492198
4.34235412809
3.24311320013
2.56819181174
1.46895073398
1.46895073398
1.46895073398
1.46895073398
1.46895073398
1.46895073398
1.82877337841
3.64272207276
3.64272207276
3.64272207276
3.70657692913
2.28243702161
0.240290283459
1.98996088001
1.98996088001
3.50300365462
2.078882096
0.654764149177
0.329245416375
1.09486445102
1.10232855205
0.321776175169
4.12703110651
1.54921110293
0.974153365812
1.22294956359
2.32150125541
2.32150125541
2.32150125541
3.42005309516
4.5779006194
1.30036263722
0.896751651159
1.99530901541
1.99530901541
0.852469417518
2.44352504336
1.02038970038
1.50140846841
3.99192518105
3.66746795875
3.34301602528
1.91989971421
1.59545753561
0.172349294955
4.56703531329
2.04526122455
0.476510513007
6.11552995709
6.11552995709
2.49508972921
4.69243861083
2.51384358407
2.51384358407
1.73158784078
1.73158784078
2.60185101045
4.25137251082
4.25137251082
0.700767733671
2.35031426278
1.20027792597
1.20027792597
4.72983306783
1.24225682904
1.24225682904
3.85764826022
2.245342254
1.34930017331
3.81406792405
0.188611901571
4.49142526112
4.18501942742
0.133384273185
0.133384273185
0.133384273185
0.133384273185
1.02091234333
1.90844052808
1.90844052808
3.38206779896
6.10444597198
6.10444597198
6.36283123413
1.95163648578
1.95163648578
4.41561235179
6.87958584907
2.46838402163
6.0351540777
1.62394812053
4.08791271661
7.65467790288
4.34626879366
2.14066198898
6.81022755266
5.70742363534
4.60461956864
2.39901098621
3.50181535139
2.39901098621
2.39901098621
2.39901098621
