Label, Distance Score, Tangent Score 
1.61826055986
0.464698996795
0.688853584662
0.272966893056
0.499243415562
2.03242534274
2.09364321534
5.67811034577
1.92623627738
6.01370334488
2.52694834065
0.959804805611
2.70318067346
2.15781399103
1.81221026661
4.98078995095
1.35698525813
2.22702993516
3.39015122682
2.27792109152
2.98371793002
0.51468482762
3.89718964838
2.91279977278
0.958584574244
4.28900572591
3.13028565932
0.38390300772
3.22833000013
5.0558204252
2.63441147165
0.991738673527
0.807220046525
2.60617684551
6.58271508582
4.55889315256
2.98481111004
1.63559910084
10.8244983464
1.96229429782
3.98610595221
5.20279930166
2.95412494346
0.255719680699
8.77003223016
6.73611311748
4.73986305613
3.79533011487
1.1572179596
2.09205073319
6.33332852623
3.78033971416
0.763175956193
9.18856715793
6.40350166768
4.31470548141
1.83250335825
0.407560838102
7.87047764472
6.27043478412
3.65747111851
2.06482987238
2.86115038657
2.86115038657
2.46299010338
2.86115038657
3.25931072631
2.86115038657
2.06482987238
2.06482987238
1.66666969026
1.66666969026
2.46299010338
2.46299010338
2.46299010338
2.46299010338
2.46299010338
2.46299010338
2.46299010338
2.46299010338
2.86115038657
3.25931072631
3.25931072631
3.25931072631
3.25931072631
1.60356269476
7.9028348168
6.07522920505
5.61832795262
0.665681513463
0.530525659325
1.05590391944
8.5703729081
2.59340048417
2.40540990379
3.22887279285
4.5312938866
5.93525482026
6.27821159852
7.65113645952
2.50133113018
2.84430525301
3.18728611279
4.5602315485
3.87326799446
5.24622506198
3.54177125847
2.86823521246
2.19470802733
8.05168126474
7.37817278188
6.7046730425
5.00204203292
5.3577001028
4.68422683452
4.01076236842
4.36644250172
4.72212944947
5.0778231359
5.43352356045
6.81836288422
8.20320708822
0.999290618077
5.4715350867
5.82726343551
4.12474256842
1.3931063298
3.752524229
0.309391083984
3.64516814074
3.29077588604
0.595881708452
0.982431294264
5.86411817804
5.22354297263
4.59391308275
2.93822874955
3.33546118898
1.67979659868
6.58009920332
3.89800901321
4.29527601055
0.481210576163
3.28783783144
0.536600361407
4.30568064105
1.55447201064
2.22688879064
3.63336993234
0.104440784446
3.84223494819
1.03840402243
4.7761633778
6.45803664653
6.08403132942
5.71001921201
3.28013612889
6.36393228228
2.90611248539
3.93404370833
3.93404370833
3.93404370833
2.90611248539
1.87818111542
1.87818111542
1.87818111542
1.87818111542
1.87818111542
1.87818111542
1.87818111542
1.87818111542
1.87818111542
1.87818111542
1.87818111542
1.87818111542
1.87818111542
1.87818111542
1.87818111542
1.87818111542
1.87818111542
1.87818111542
1.87818111542
1.87818111542
1.87818111542
1.87818111542
1.87818111542
1.87818111542
1.87818111542
1.87818111542
1.87818111542
1.87818111542
3.93404370833
3.93404370833
3.93404370833
3.93404370833
3.93404370833
3.93404370833
3.93404370833
3.93404370833
3.93404370833
4.96197479097
3.93404370833
3.93404370833
3.93404370833
3.93404370833
3.93404370833
3.93404370833
3.93404370833
3.93404370833
3.93404370833
3.93404370833
3.93404370833
3.93404370833
3.93404370833
3.93404370833
3.93404370833
3.93404370833
3.93404370833
3.93404370833
3.93404370833
3.93404370833
3.93404370833
3.93404370833
3.93404370833
3.93404370833
3.93404370833
3.93404370833
3.93404370833
4.96197479097
5.98990575097
8.04576724266
3.56001236425
6.64380233021
5.62721502985
1.01139152389
3.33922806542
0.638242692238
0.292109402235
0.341180622291
0.88837711696
0.385875336978
0.555490968546
0.976613050038
3.89034202714
4.53564344462
2.50482916908
5.13349440152
4.44074196145
5.45240394916
5.30715473731
5.16190626369
3.65298237266
4.87141145518
3.50773570934
3.50773570934
4.72616516052
4.72616516052
4.72616516052
4.72616516052
4.72616516052
4.72616516052
4.72616516052
4.72616516052
4.72616516052
4.72616516052
4.72616516052
4.72616516052
4.72616516052
4.72616516052
4.72616516052
4.72616516052
4.72616516052
3.36248977608
4.72616516052
3.36248977608
4.72616516052
4.72616516052
4.72616516052
3.36248977608
4.72616516052
4.72616516052
3.36248977608
3.36248977608
4.72616516052
4.72616516052
3.36248977608
4.58091959639
3.2172445806
1.85356973967
1.85356973967
1.70832562531
3.51971716342
11.280975274
9.26053378894
8.92379370034
5.2196556813
3.87269775056
0.842045041391
8.95417385235
6.59700456313
4.23983747487
2.21992098066
0.536742850648
1.48306942229
7.30335956397
4.94691584602
3.26374311181
1.24393731485
0.102598983754
1.11250073488
1.78576834512
1.78576834512
2.12240208304
2.79566942267
3.80557009342
