Label, Distance Score, Backtrack Score
-1, 0.0265683074817, 1.0
-1, 0.0146987231804, 1.0
-1, 0.0104132344684, 1.0
-1, 0.00834384011724, 1.0
-1, 0.00758180216423, 1.0
-1, 0.0115592727296, 1.0
-1, 0.0235849645178, 1.0
1, 0.959546911072, 1.0
-1, 0.0070079203302, 1.0
-1, 0.00595779110585, 1.0
-1, 0.0457084956442, 1.0
-1, 0.0191298674296, 1.0
-1, 0.012455335179, 1.0
-1, 0.00960354299612, 1.0
-1, 0.00677317981993, 1.0
-1, 0.00977812803644, 1.0
-1, 0.0171936609626, 1.0
1, 0.95954749404, 1.0
-1, 0.00787323219695, 1.0
-1, 0.00656933967972, 1.0
-1, 0.12552366808, 1.0
-1, 0.0260642632356, 1.0
-1, 0.0150605807616, 1.0
-1, 0.0110778999718, 1.0
-1, 0.00605180286939, 1.0
-1, 0.00834181284448, 1.0
-1, 0.0131974971722, 1.0
1, 0.967876865131, 1.0
-1, 0.00883400410984, 1.0
-1, 0.007221507337, 1.0
1, 0.982956750789, 1.0
-1, 0.0424363977486, 1.0
-1, 0.019372327376, 1.0
-1, 0.0132408017154, 1.0
-1, 0.00560967296733, 1.0
-1, 0.00752393767102, 1.0
-1, 0.0112606939639, 1.0
-1, 0.113108440831, 1.0
-1, 0.0101522841685, 1.0
-1, 0.00807470366492, 1.0
1, 0.922093711584, 1.0
-1, 0.103837776557, 1.0
-1, 0.0265197950964, 1.0
-1, 0.0162219941274, 1.0
-1, 0.00515534364981, 1.0
-1, 0.00672857732473, 1.0
-1, 0.009568227607, 1.0
-1, 0.140322565958, 0.0
-1, 0.0118107181066, 1.0
-1, 0.00908409238222, 1.0
-1, 0.123635472906, 1.0
1, 0.856985243779, 1.0
-1, 0.045437793461, 1.0
-1, 0.0217507364345, 1.0
-1, 0.00485455622094, 1.0
-1, 0.00622532583536, 1.0
-1, 0.00858204502415, 1.0
-1, 0.145085753737, 0.0
-1, 0.0144833573582, 1.0
-1, 0.0105793193507, 1.0
-1, 0.138474022537, 0.0
1, 0.667671741618, 1.0
-1, 0.110760122374, 1.0
-1, 0.0302828718919, 1.0
-1, 0.00445905611979, 1.0
-1, 0.00558996823388, 1.0
-1, 0.00741994071189, 1.0
-1, 0.0397288947213, 1.0
-1, 0.0178143591035, 1.0
-1, 0.0122430174425, 1.0
-1, 0.0667408203297, 0.0
1, 0.409881561416, 1.0
-1, 0.255246330799, 1.0
-1, 0.0358156661313, 1.0
-1, 0.0040912437003, 1.0
-1, 0.00502419243585, 1.0
-1, 0.00645538333811, 1.0
-1, 0.022048247502, 1.0
-1, 0.0195856953485, 1.0
-1, 0.0130473442981, 1.0
-1, 0.0861697330914, 0.0
-1, 0.102061176662, 1.0
1, 0.537636080497, 1.0
-1, 0.0616906800121, 1.0
-1, 0.00414881209021, 1.0
-1, 0.00511141565805, 1.0
-1, 0.00660017149604, 1.0
-1, 0.0238253446153, 1.0
-1, 0.0254086626174, 1.0
-1, 0.0153944712162, 1.0
-1, 0.031805424498, 1.0
-1, 0.299852623595, 0.0
1, 0.451348991372, 1.0
-1, 0.0872364238084, 1.0
-1, 0.00383446808339, 1.0
-1, 0.00464292007037, 1.0
-1, 0.00583950466575, 1.0
-1, 0.0161869078538, 1.0
-1, 0.0288795854938, 1.0
-1, 0.0165944205837, 1.0
-1, 0.027909955506, 1.0
-1, 0.129401836789, 0.0
1, 0.451349123549, 1.0
-1, 0.141438438957, 1.0
-1, 0.00377151256255, 1.0
-1, 0.00455107666122, 1.0
-1, 0.00569499315703, 1.0
-1, 0.0151162446522, 1.0
-1, 0.0330712504107, 1.0
-1, 0.017894671162, 1.0
-1, 0.023243400873, 1.0
-1, 0.067001722188, 0.0
1, 0.621971909223, 1.0
-1, 0.182429802047, 1.0
-1, 0.0036723614503, 1.0
-1, 0.00440760165103, 1.0
-1, 0.00547211348818, 1.0
-1, 0.0136358842793, 1.0
-1, 0.0348986936809, 1.0
-1, 0.0184126944172, 1.0
-1, 0.0286808152626, 1.0
-1, 0.147707972492, 0.0
-1, 0.11029978844, 1.0
1, 0.531250240314, 1.0
-1, 0.00378600385049, 1.0
-1, 0.0045723854823, 1.0
-1, 0.0057284247333, 1.0
-1, 0.0153435232437, 1.0
-1, 0.0620737862955, 1.0
-1, 0.0239395814444, 1.0
-1, 0.0168724800524, 1.0
-1, 0.00172095759706, 1.0
-1, 0.0397105434475, 1.0
-1, 0.847207906951, 0.0
1, 0.447944266372, 1.0
-1, 0.00354134744667, 1.0
-1, 0.00422059306966, 1.0
-1, 0.00518675128045, 1.0
-1, 0.100155557908, 1.0
-1, 0.028037847811, 1.0
-1, 0.0205698112487, 1.0
-1, 0.00175200478175, 1.0
-1, 0.0383671674366, 1.0
-1, 0.483342797172, 0.0
1, 0.319556184343, 1.0
-1, 0.00353153484912, 1.0
-1, 0.00420680904876, 1.0
-1, 0.00516588395865, 1.0
-1, 0.372680621425, 1.0
-1, 0.0399939337046, 1.0
-1, 0.0228487885137, 1.0
-1, 0.00176511101401, 1.0
-1, 0.0245600004824, 1.0
-1, 0.0597752895437, 0.0
-1, 0.132196623484, 1.0
-1, 0.00335957719437, 1.0
-1, 0.00396523632876, 1.0
-1, 0.00480617112227, 1.0
1, 0.432763641424, 1.0
-1, 0.0496592081037, 1.0
-1, 0.0262682237136, 1.0
-1, 0.0154489828467, 1.0
-1, 0.00181920723304, 1.0
-1, 0.00184202474837, 1.0
-1, 0.00178219143234, 1.0
-1, 0.0215548731979, 1.0
-1, 0.0446012690277, 1.0
-1, 0.362854661959, 0.0
1, 0.503681862861, 1.0
-1, 0.0692641740352, 1.0
-1, 0.0398350362758, 1.0
-1, 0.0193145229454, 1.0
-1, 0.0018621697157, 1.0
-1, 0.00188607608985, 1.0
-1, 0.00182341647154, 1.0
-1, 0.0220004336504, 1.0
-1, 0.0465196008693, 1.0
-1, 0.272224905316, 0.0
-1, 0.492114984988, 1.0
1, 0.680455089769, 1.0
-1, 0.074467819417, 1.0
-1, 0.0249174855507, 1.0
-1, 0.00190102766836, 1.0
-1, 0.00192592518906, 1.0
-1, 0.00200258717505, 1.0
-1, 0.00186069290299, 1.0
-1, 0.0258760928659, 1.0
-1, 0.0645752985123, 1.0
-1, 0.0818539507961, 0.0
1, 0.253047852046, 1.0
-1, 0.0180287731861, 1.0
-1, 0.649508898619, 1.0
-1, 0.0353973756731, 1.0
-1, 0.00194385152649, 1.0
-1, 0.00196987791202, 1.0
-1, 0.00205012447339, 1.0
-1, 0.00190171873884, 1.0
-1, 0.0497046522698, 1.0
-1, 0.132000014936, 0.0
1, 0.50915518557, 1.0
-1, 0.0207997768898, 1.0
1, 0.519799382595, 1.0
-1, 0.0480222328085, 1.0
-1, 0.00197036776438, 1.0
-1, 0.00199708911913, 1.0
-1, 0.0020795612344, 1.0
-1, 0.00192712718204, 1.0
-1, 0.0247423693239, 1.0
-1, 0.0678923827453, 0.0
-1, 0.126438511451, 1.0
-1, 0.0246319612974, 1.0
-1, 0.0167165972279, 1.0
1, 0.58480659429, 1.0
-1, 0.0749881360451, 1.0
-1, 0.00199913075913, 1.0
-1, 0.00202663144729, 1.0
-1, 0.00211158713817, 1.0
-1, 0.00195465040837, 1.0
-1, 0.045027280009, 1.0
-1, 0.292025316938, 0.0
-1, 0.0365481634523, 1.0
-1, 0.0214610996971, 1.0
1, 0.360399765793, 1.0
-1, 0.524158068924, 1.0
-1, 0.00205276617163, 1.0
-1, 0.00208176017945, 1.0
-1, 0.00217147422975, 1.0
-1, 0.00200591388792, 1.0
-1, 0.041049640365, 1.0
-1, 0.792216000079, 0.0
-1, 0.0557498952867, 1.0
-1, 0.0268852585488, 1.0
-1, 0.0881060631567, 1.0
1, 0.537043987754, 1.0
-1, 0.00209209128884, 1.0
-1, 0.00212219233454, 1.0
-1, 0.00221545141642, 1.0
-1, 0.00242625941698, 1.0
-1, 0.00204348117548, 1.0
-1, 0.0638869368499, 0.0
-1, 0.0220443542526, 1.0
-1, 0.111300508823, 1.0
-1, 0.0354000308719, 1.0
-1, 0.754720956533, 0.0
1, 0.631979340312, 1.0
-1, 0.00213142806996, 1.0
-1, 0.00216266458344, 1.0
-1, 0.0022595593794, 1.0
-1, 0.00247921729627, 1.0
-1, 0.00208101751428, 1.0
-1, 0.0321327107687, 1.0
1, 0.330220388728, 1.0
-1, 0.0714443092624, 1.0
-1, 0.204862152565, 0.0
-1, 0.13748035379, 1.0
-1, 0.00219768678952, 1.0
-1, 0.00223089548687, 1.0
-1, 0.00233411042902, 1.0
-1, 0.00256921029384, 1.0
-1, 0.00214415478354, 1.0
-1, 0.0486673112829, 1.0
1, 0.667022136374, 1.0
-1, 0.293029618595, 1.0
-1, 0.106750973793, 0.0
-1, 0.00224943046064, 1.0
-1, 0.0022842131117, 1.0
-1, 0.00239249043481, 1.0
-1, 0.00264005457163, 1.0
-1, 0.00408811194983, 1.0
-1, 0.00219340988231, 1.0
-1, 0.005071078387, 1.0
-1, 0.00470282928245, 1.0
-1, 0.10169299635, 1.0
-1, 0.0351204927945, 1.0
-1, 0.107469559764, 1.0
1, 0.753977602801, 1.0
-1, 0.162490295482, 0.0
-1, 0.00245503512024, 1.0
-1, 0.00271636418952, 1.0
-1, 0.0042740819352, 1.0
-1, 0.00550175609635, 1.0
-1, 0.00507094372462, 1.0
1, 0.287715277905, 1.0
-1, 0.0768948124487, 1.0
-1, 0.113339363214, 0.0
-1, 0.130838542313, 1.0
-1, 0.00255175233028, 1.0
-1, 0.0028352202395, 1.0
-1, 0.00467362462139, 1.0
-1, 0.00457591840594, 1.0
-1, 0.00582599803661, 1.0
-1, 0.00534512205136, 1.0
1, 0.810045393422, 1.0
-1, 0.348877339968, 1.0
-1, 0.103222492407, 1.0
-1, 0.105849821164, 0.0
-1, 0.00261939193404, 1.0
-1, 0.0029189226983, 1.0
-1, 0.00490549042383, 1.0
-1, 0.0047979483278, 1.0
-1, 0.00617017243286, 1.0
-1, 0.00563341882706, 1.0
-1, 0.11476023932, 1.0
1, 0.825679622305, 1.0
-1, 0.0402106777438, 1.0
-1, 0.129178762948, 0.0
-1, 0.0026867898088, 1.0
-1, 0.00300284187519, 1.0
-1, 0.00514721795198, 1.0
-1, 0.00502893794798, 1.0
-1, 0.0066196831046, 1.0
-1, 0.00600576421012, 1.0
-1, 0.212170043107, 0.0
1, 0.873210092114, 1.0
-1, 0.0302478484636, 1.0
-1, 0.0627322690749, 1.0
-1, 0.0027686583854, 1.0
-1, 0.00310546995526, 1.0
-1, 0.0054562970445, 1.0
-1, 0.00532356736122, 1.0
-1, 0.00714320881478, 1.0
-1, 0.00643355007572, 1.0
-1, 0.119640854573, 0.0
1, 0.873210210494, 1.0
-1, 0.0226645912274, 1.0
-1, 0.0370229381304, 1.0
-1, 0.00285620780772, 1.0
-1, 0.00321604493283, 1.0
-1, 0.0058071003819, 1.0
-1, 0.00565698902414, 1.0
-1, 0.00804276804344, 1.0
-1, 0.00715423375013, 1.0
-1, 0.0673691216936, 0.0
1, 0.253412821844, 1.0
-1, 0.019762738529, 1.0
-1, 0.0298557093347, 1.0
-1, 0.00298991973879, 1.0
-1, 0.00338658024282, 1.0
-1, 0.00638793107368, 1.0
-1, 0.00620675717269, 1.0
-1, 0.00872123612347, 1.0
-1, 0.00768611651618, 1.0
-1, 0.0323785063484, 0.0
1, 0.859587122583, 1.0
-1, 0.0150069040442, 1.0
-1, 0.0201878497523, 1.0
-1, 0.00307896058206, 1.0
-1, 0.00350127221043, 1.0
-1, 0.00680862225368, 1.0
-1, 0.00660318201189, 1.0
-1, 0.00952277639703, 1.0
-1, 0.00830196147592, 1.0
-1, 0.0216711440011, 0.0
1, 0.887272671943, 1.0
-1, 0.0122112242888, 1.0
-1, 0.0154335571033, 1.0
-1, 0.00317325179159, 1.0
-1, 0.00362372385106, 1.0
-1, 0.00728749376875, 1.0
-1, 0.00705263579938, 1.0
-1, 0.0103384892168, 1.0
-1, 0.00891519847342, 1.0
-1, 0.017472144983, 0.0
1, 0.901795170998, 1.0
-1, 0.0107550885433, 1.0
-1, 0.0131781401711, 1.0
-1, 0.00325893106928, 1.0
-1, 0.00373589104094, 1.0
-1, 0.0077557876294, 1.0
-1, 0.0074903243018, 1.0
-1, 0.0123408252219, 1.0
-1, 0.0103654947284, 1.0
-1, 0.0171977610777, 0.0
1, 0.253412017388, 1.0
-1, 0.0337027434835, 1.0
-1, 0.0130214785386, 1.0
-1, 0.00396857385445, 1.0
-1, 0.00883065064731, 1.0
-1, 0.00848813132616, 1.0
-1, 0.0106506748421, 1.0
-1, 0.0146681255236, 1.0
-1, 0.0119592751849, 1.0
-1, 0.0140837250666, 0.0
1, 0.133034156051, 1.0
-1, 0.00936807440323, 1.0
-1, 0.0111541421346, 1.0
-1, 0.00359325591926, 1.0
-1, 0.00418195050035, 1.0
-1, 0.00996162831998, 1.0
-1, 0.00952790560832, 1.0
-1, 0.0161100173947, 1.0
-1, 0.0129006872627, 1.0
-1, 0.0119797380198, 0.0
1, 0.859587735422, 1.0
-1, 0.00838823346024, 1.0
-1, 0.00979211425546, 1.0
-1, 0.00367379988393, 1.0
-1, 0.00429145847346, 1.0
-1, 0.0106063204001, 1.0
-1, 0.0101160199234, 1.0
-1, 0.0215361374296, 1.0
-1, 0.0161614456704, 1.0
-1, 0.0107822020183, 0.0
1, 0.253411350164, 1.0
-1, 0.0787473934549, 1.0
-1, 0.0665700446082, 1.0
-1, 0.00460020920661, 1.0
-1, 0.0127155413101, 1.0
-1, 0.0120172547536, 1.0
-1, 0.00897714494058, 1.0
-1, 0.028281372227, 1.0
-1, 0.0196846385723, 1.0
1, 0.84638331122, 1.0
-1, 0.0683092942472, 1.0
-1, 0.0176544296911, 1.0
-1, 0.0208321199359, 1.0
-1, 0.0147995872967, 1.0
-1, 0.0138620712912, 1.0
-1, 0.056618274137, 1.0
-1, 0.0683092942472, 1.0
-1, 0.0534314775756, 1.0
-1, 0.0292760349201, 1.0
-1, 0.0084445519685, 0.0
1, 0.821154914126, 1.0
-1, 0.00648693044997, 1.0
-1, 0.00729565657254, 1.0
-1, 0.00436981892564, 1.0
-1, 0.00527249847727, 1.0
-1, 0.0196362285157, 1.0
-1, 0.0180192430184, 1.0
-1, 0.479101360235, 1.0
-1, 0.0651260812257, 1.0
1, 0.331996311773, 1.0
-1, 0.0385520623361, 1.0
-1, 0.0519303776878, 1.0
-1, 0.0676055966832, 1.0
-1, 0.165904442453, 1.0
-1, 0.225987112517, 1.0
-1, 0.0923737098033, 1.0
-1, 0.18640525843, 1.0
1, 0.863981643663, 1.0
-1, 0.210602747317, 1.0
-1, 0.00640035118058, 0.0
-1, 0.0787786215377, 1.0
-1, 0.00190246851882, 1.0
-1, 0.00571789526799, 1.0
-1, 0.00624009170618, 1.0
-1, 0.0464721458602, 1.0
-1, 0.0383307285806, 1.0
-1, 0.00702437739333, 1.0
-1, 0.0899686327069, 1.0
1, 0.764535729398, 1.0
-1, 0.0059772656817, 1.0
-1, 0.286999583228, 0.0
-1, 0.00193940712308, 1.0
-1, 0.00537782881775, 1.0
-1, 0.00683103064414, 1.0
-1, 0.130602324876, 1.0
-1, 0.0817819172306, 1.0
-1, 0.00719322780397, 1.0
-1, 0.263319667013, 0.0
-1, 0.939913174709, 1.0
-1, 0.00531854082084, 1.0
-1, 0.0519815725173, 1.0
-1, 0.00194728866689, 1.0
-1, 0.00483865997024, 1.0
-1, 0.00715864688605, 1.0
1, 0.956580721858, 1.0
-1, 0.180979302701, 1.0
-1, 0.00687657989533, 1.0
-1, 0.950713736492, 1.0
-1, 0.0561016246148, 0.0
-1, 0.00540044457163, 1.0
-1, 0.0610226925957, 1.0
-1, 0.00452695122498, 1.0
-1, 0.00490636895924, 1.0
-1, 0.00616879187671, 1.0
-1, 0.00813571689906, 1.0
-1, 0.0754494355685, 1.0
1, 0.883557969196, 1.0
-1, 0.0674081815307, 1.0
-1, 0.254072387676, 1.0
-1, 0.00502364046821, 1.0
-1, 0.0330297149735, 1.0
-1, 0.00425917501696, 1.0
-1, 0.00459336185997, 1.0
-1, 0.00701194858176, 1.0
-1, 0.00966947127893, 1.0
-1, 0.11757755063, 0.0
1, 0.786904757693, 1.0
-1, 0.0475580915458, 1.0
-1, 0.234844048414, 1.0
-1, 0.00487204252301, 1.0
-1, 0.0274208685287, 1.0
-1, 0.00414969393918, 1.0
-1, 0.00446628650219, 1.0
-1, 0.0090830997336, 1.0
-1, 0.0141050744694, 1.0
-1, 0.432780505896, 0.0
1, 0.653556960729, 1.0
-1, 0.014737595732, 1.0
-1, 0.0195746919317, 1.0
-1, 0.00396698779228, 1.0
-1, 0.0120054264381, 1.0
-1, 0.0034745146071, 1.0
-1, 0.00369374768348, 1.0
-1, 0.0108219894849, 1.0
-1, 0.018797057717, 1.0
-1, 0.0214971790874, 0.0
1, 0.799068195677, 1.0
-1, 0.011759890561, 1.0
-1, 0.0146481660157, 1.0
-1, 0.0618124798211, 1.0
-1, 0.0621966299117, 1.0
-1, 0.0199484913921, 1.0
-1, 0.0128731345571, 1.0
-1, 0.0111392762161, 1.0
-1, 0.0156987536307, 0.0
1, 0.336941202671, 1.0
-1, 0.00995254138729, 1.0
-1, 0.00958930368251, 1.0
-1, 0.0114264461927, 1.0
-1, 0.00346608641716, 1.0
-1, 0.00835247974019, 1.0
-1, 0.00308413586529, 1.0
-1, 0.00325565905273, 1.0
-1, 0.0170090583567, 1.0
-1, 0.0510879722507, 1.0
-1, 0.0120557911327, 0.0
1, 0.811613199555, 1.0
-1, 0.0079947984346, 1.0
-1, 0.00923233540497, 1.0
-1, 0.00323302023328, 1.0
-1, 0.0071162524842, 1.0
-1, 0.00289822627206, 1.0
-1, 0.00304918885741, 1.0
-1, 0.0215433995468, 1.0
-1, 0.139125881441, 1.0
-1, 0.00963889017137, 0.0
1, 0.851726895196, 1.0
-1, 0.00727137465637, 1.0
-1, 0.00828093333781, 1.0
-1, 0.00310797859686, 1.0
-1, 0.00653732981772, 1.0
-1, 0.00279733576528, 1.0
-1, 0.00293771692716, 1.0
-1, 0.0294218135988, 1.0
1, 0.951785700313, 1.0
-1, 0.00860653550395, 0.0
-1, 0.137805165762, 1.0
-1, 0.00654065361169, 1.0
-1, 0.00296633464123, 1.0
-1, 0.00594064306045, 1.0
-1, 0.00268205019155, 1.0
-1, 0.00281084465416, 1.0
-1, 0.019620876906, 1.0
-1, 0.0226555081545, 1.0
-1, 0.0412720380746, 1.0
1, 0.794243419773, 1.0
-1, 0.21729979518, 0.0
-1, 0.0805503389905, 1.0
-1, 0.0974302977688, 1.0
-1, 0.00265676302074, 1.0
-1, 0.00278310008238, 1.0
-1, 0.0349669672228, 1.0
-1, 0.115130726473, 1.0
1, 0.299252775873, 1.0
-1, 0.00293546053798, 1.0
-1, 0.966099213744, 0.0
-1, 0.00514708587754, 1.0
-1, 0.00275567336871, 1.0
-1, 0.00250860739708, 1.0
-1, 0.00262096844625, 1.0
-1, 0.00239350240061, 1.0
-1, 0.0324972535698, 1.0
-1, 0.0417768746197, 1.0
-1, 0.248928987821, 1.0
1, 0.843851660485, 1.0
-1, 0.0236760156702, 1.0
-1, 0.0430690128977, 0.0
-1, 0.00272557253303, 1.0
-1, 0.00248362620953, 1.0
-1, 0.00259372048772, 1.0
-1, 0.00237074009249, 1.0
-1, 0.0472741602131, 1.0
-1, 0.0698620204033, 1.0
1, 0.960723949057, 1.0
-1, 0.131370567149, 1.0
-1, 0.0306530932501, 1.0
-1, 0.0367111913395, 0.0
-1, 0.00262586791211, 1.0
-1, 0.00240054425167, 1.0
-1, 0.00250326236545, 1.0
-1, 0.00229490079125, 1.0
-1, 0.0641445896164, 1.0
-1, 0.114316471023, 1.0
1, 0.812415685877, 1.0
-1, 0.508496195062, 0.0
-1, 0.0369504329796, 1.0
-1, 0.024263936467, 1.0
-1, 0.00257088308429, 1.0
-1, 0.00235449463145, 1.0
-1, 0.00245323969364, 1.0
-1, 0.00225276563344, 1.0
-1, 0.0768199239738, 1.0
-1, 0.161957551556, 1.0
1, 0.896500404201, 1.0
-1, 0.0985421301731, 0.0
-1, 0.0408292594536, 1.0
-1, 0.02024745768, 1.0
-1, 0.00257000079438, 1.0
-1, 0.00235376129567, 1.0
-1, 0.0024524380974, 1.0
-1, 0.00225210117379, 1.0
-1, 0.0540257868866, 1.0
-1, 0.0857105165233, 1.0
1, 1.0, 1.0
-1, 0.0974336723271, 0.0
-1, 0.0333513547133, 1.0
-1, 0.020199107224, 1.0
-1, 0.00257929464059, 1.0
-1, 0.00236155460074, 1.0
-1, 0.00246089971195, 1.0
-1, 0.00225923480306, 1.0
-1, 0.0584534273773, 1.0
-1, 0.097417112606, 1.0
1, 0.945426006173, 1.0
-1, 0.112849628784, 0.0
-1, 0.0349873648165, 1.0
-1, 0.0207878185072, 1.0
-1, 0.00257044206921, 1.0
-1, 0.00235412805386, 1.0
-1, 0.00245283900573, 1.0
-1, 0.00225243347339, 1.0
-1, 0.0634374993845, 1.0
-1, 0.112097338849, 1.0
1, 0.945426006173, 1.0
-1, 0.0979847665099, 0.0
-1, 0.0367134341976, 1.0
-1, 0.0202232688402, 1.0
-1, 0.00257929464192, 1.0
-1, 0.00236155460185, 1.0
-1, 0.00246089971316, 1.0
-1, 0.00225923480407, 1.0
-1, 0.0584534280583, 1.0
-1, 0.0974171144974, 1.0
1, 0.945425998183, 1.0
-1, 0.112849631322, 0.0
-1, 0.0349873650605, 1.0
-1, 0.0207878185933, 1.0
-1, 0.00258820798045, 1.0
-1, 0.00236902785364, 1.0
-1, 0.00246901321513, 1.0
-1, 0.00226607709041, 1.0
-1, 0.0541953748399, 1.0
-1, 0.0861366842152, 1.0
1, 0.945425998183, 1.0
-1, 0.133031254089, 0.0
-1, 0.0334162534683, 1.0
-1, 0.02138475618, 1.0
-1, 0.00258865594788, 1.0
-1, 0.00236939968351, 1.0
-1, 0.00246941991755, 1.0
-1, 0.00226641376716, 1.0
-1, 0.0636715805615, 1.0
-1, 0.112827412652, 1.0
1, 0.896500404201, 1.0
-1, 0.134060713227, 0.0
-1, 0.0367921591606, 1.0
-1, 0.0214118763651, 1.0
-1, 0.00255248230135, 1.0
-1, 0.00233905173468, 1.0
-1, 0.00243647892703, 1.0
-1, 0.0022386243615, 1.0
-1, 0.063204965842, 1.0
-1, 0.111376648097, 1.0
1, 1.0, 1.0
-1, 0.0772079790528, 0.0
-1, 0.0366349684323, 1.0
-1, 0.019159656668, 1.0
-1, 0.00256164964746, 1.0
-1, 0.00234674777616, 1.0
-1, 0.00244483058281, 1.0
-1, 0.00224567273401, 1.0
-1, 0.0693505359869, 1.0
-1, 0.131987059127, 1.0
1, 0.94542601956, 1.0
-1, 0.0865801856788, 0.0
-1, 0.0386185638577, 1.0
-1, 0.0196885431431, 1.0
-1, 0.00254381171395, 1.0
-1, 0.00233176525399, 1.0
-1, 0.00242857646785, 1.0
-1, 0.00223194591347, 1.0
-1, 0.0690724716331, 1.0
-1, 0.130989073006, 1.0
1, 1.0, 1.0
-1, 0.0699479363905, 0.0
-1, 0.0385316549315, 1.0
-1, 0.0186790057837, 1.0
-1, 0.00256208724721, 1.0
-1, 0.00234711176934, 1.0
-1, 0.00244522831358, 1.0
-1, 0.00224600266975, 1.0
-1, 0.0856643853387, 1.0
-1, 0.207033356525, 1.0
1, 0.896500416238, 1.0
-1, 0.0870150686534, 0.0
-1, 0.0431991521285, 1.0
-1, 0.0197114422583, 1.0
-1, 0.00256121179545, 1.0
-1, 0.00234638360766, 1.0
-1, 0.00244443263796, 1.0
-1, 0.00224534266304, 1.0
-1, 0.0582560817934, 1.0
-1, 0.0968723674717, 1.0
1, 1.0, 1.0
-1, 0.0861496305859, 0.0
-1, 0.0349161662399, 1.0
-1, 0.0196656706128, 1.0
-1, 0.00256121179545, 1.0
-1, 0.00234638360766, 1.0
-1, 0.00244443263796, 1.0
-1, 0.00224534266304, 1.0
-1, 0.0582560817934, 1.0
-1, 0.0968723674717, 1.0
1, 1.0, 1.0
-1, 0.0861496305859, 0.0
-1, 0.0349161662399, 1.0
-1, 0.0196656706128, 1.0
-1, 0.00256121179545, 1.0
-1, 0.00234638360766, 1.0
-1, 0.00244443263796, 1.0
-1, 0.00224534266304, 1.0
-1, 0.0582560817934, 1.0
-1, 0.0968723674717, 1.0
1, 1.0, 1.0
-1, 0.0861496305859, 0.0
-1, 0.0349161662399, 1.0
-1, 0.0196656706128, 1.0
-1, 0.00256121179545, 1.0
-1, 0.00234638360766, 1.0
-1, 0.00244443263796, 1.0
-1, 0.00224534266304, 1.0
-1, 0.0582560817934, 1.0
-1, 0.0968723674717, 1.0
1, 1.0, 1.0
-1, 0.0861496305859, 0.0
-1, 0.0349161662399, 1.0
-1, 0.0196656706128, 1.0
-1, 0.00256121179545, 1.0
-1, 0.00234638360766, 1.0
-1, 0.00244443263796, 1.0
-1, 0.00224534266304, 1.0
-1, 0.0582560817934, 1.0
-1, 0.0968723674717, 1.0
1, 1.0, 1.0
-1, 0.0861496305859, 0.0
-1, 0.0349161662399, 1.0
-1, 0.0196656706128, 1.0
-1, 0.00256121179545, 1.0
-1, 0.00234638360766, 1.0
-1, 0.00244443263796, 1.0
-1, 0.00224534266304, 1.0
-1, 0.0582560817934, 1.0
-1, 0.0968723674717, 1.0
1, 1.0, 1.0
-1, 0.0861496305859, 0.0
-1, 0.0349161662399, 1.0
-1, 0.0196656706128, 1.0
-1, 0.00256121179545, 1.0
-1, 0.00234638360766, 1.0
-1, 0.00244443263796, 1.0
-1, 0.00224534266304, 1.0
-1, 0.0582560817934, 1.0
-1, 0.0968723674717, 1.0
1, 1.0, 1.0
-1, 0.0861496305859, 0.0
-1, 0.0349161662399, 1.0
-1, 0.0196656706128, 1.0
-1, 0.00257044206921, 1.0
-1, 0.00235412805386, 1.0
-1, 0.00245283900573, 1.0
-1, 0.00225243347339, 1.0
-1, 0.0634374993845, 1.0
-1, 0.112097338849, 1.0
1, 0.945426006173, 1.0
-1, 0.0979847665099, 0.0
-1, 0.0367134341976, 1.0
-1, 0.0202232688402, 1.0
-1, 0.00257929464192, 1.0
-1, 0.00236155460185, 1.0
-1, 0.00246089971316, 1.0
-1, 0.00225923480407, 1.0
-1, 0.0584534280583, 1.0
-1, 0.0974171144974, 1.0
1, 0.945425998183, 1.0
-1, 0.112849631322, 0.0
-1, 0.0349873650605, 1.0
-1, 0.0207878185933, 1.0
-1, 0.00257884990445, 1.0
-1, 0.00236118522675, 1.0
-1, 0.00246049580864, 1.0
-1, 0.00225890025371, 1.0
-1, 0.0503681862196, 1.0
-1, 0.0768550988084, 1.0
1, 1.0, 1.0
-1, 0.112119268496, 0.0
-1, 0.0319207343785, 1.0
-1, 0.020762255035, 1.0
-1, 0.00257884990445, 1.0
-1, 0.00236118522675, 1.0
-1, 0.00246049580864, 1.0
-1, 0.00225890025371, 1.0
-1, 0.0503681862196, 1.0
-1, 0.0768550988084, 1.0
1, 1.0, 1.0
-1, 0.112119268496, 0.0
-1, 0.0319207343785, 1.0
-1, 0.020762255035, 1.0
-1, 0.00257884990445, 1.0
-1, 0.00236118522675, 1.0
-1, 0.00246049580864, 1.0
-1, 0.00225890025371, 1.0
-1, 0.0503681862196, 1.0
-1, 0.0768550988084, 1.0
1, 1.0, 1.0
-1, 0.112119268496, 0.0
-1, 0.0319207343785, 1.0
-1, 0.020762255035, 1.0
1, 0.945425998183, 1.0
-1, 0.00163855518589, 1.0
-1, 0.00170907811186, 1.0
-1, 0.00177568224677, 1.0
-1, 0.0018467006142, 1.0
-1, 0.00122564004301, 1.0
-1, 0.00129378386858, 1.0
-1, 0.00136518252246, 1.0
-1, 0.0015706040544, 1.0
-1, 0.00193398854498, 1.0
-1, 0.097417112606, 1.0
1, 0.945426006173, 1.0
-1, 0.00163495386611, 1.0
-1, 0.00170516181558, 1.0
-1, 0.0017714576494, 1.0
-1, 0.00184213525351, 1.0
-1, 0.00122364326405, 1.0
-1, 0.00129155365291, 1.0
-1, 0.00136269326085, 1.0
-1, 0.00156729543839, 1.0
-1, 0.945426006173, 1.0
-1, 0.0016313683428, 1.0
-1, 0.00170126342121, 1.0
-1, 0.00176725308841, 1.0
-1, 0.00183759237279, 1.0
-1, 0.00122165291834, 1.0
-1, 0.00128933105812, 1.0
-1, 0.00136021301913, 1.0
1, 0.00156400073147, 1.0
-1, 0.00192401107501, 1.0
-1, 0.00154152750526, 1.0
-1, 0.00156400073147, 1.0
-1, 0.0333238735402, 1.0
-1, 0.0172179277262, 1.0
-1, 0.0121947890258, 1.0
-1, 0.00952339890985, 1.0
-1, 0.00503276065176, 1.0
-1, 0.00652115065827, 1.0
-1, 0.00915389348177, 1.0
1, 0.416312317179, 1.0
-1, 0.00153820300629, 1.0
-1, 0.00156057870082, 1.0
-1, 0.0318364279773, 1.0
-1, 0.0168120795622, 1.0
-1, 0.0119897921631, 1.0
-1, 0.00939791593657, 1.0
-1, 0.00499749758026, 1.0
-1, 0.00646206840455, 1.0
-1, 0.00903789971786, 1.0
1, 1.0, 1.0
-1, 0.00153820300629, 1.0
-1, 0.00156057870082, 1.0
-1, 0.0318364279773, 1.0
-1, 0.0168120795622, 1.0
-1, 0.0119897921631, 1.0
-1, 0.00939791593657, 1.0
-1, 0.00499749758026, 1.0
-1, 0.00646206840455, 1.0
-1, 0.00903789971786, 1.0
1, 1.0, 1.0
-1, 0.00154152750483, 1.0
-1, 0.00156071984517, 1.0
-1, 0.0333238733396, 1.0
-1, 0.0172179276727, 1.0
-1, 0.012194788999, 1.0
-1, 0.00952339889347, 1.0
-1, 0.00503276064718, 1.0
-1, 0.00652115065059, 1.0
-1, 0.00915389346663, 1.0
1, 0.416312348493, 1.0
-1, 0.00154152750483, 1.0
-1, 0.00156400073103, 1.0
-1, 0.0333238733396, 1.0
-1, 0.0172179276727, 1.0
-1, 0.012194788999, 1.0
-1, 0.00952339889347, 1.0
-1, 0.00503276064718, 1.0
-1, 0.00652115065059, 1.0
-1, 0.00915389346663, 1.0
1, 0.416312348493, 1.0
-1, 0.00153820300629, 1.0
-1, 0.00156057870082, 1.0
-1, 0.0318364279773, 1.0
-1, 0.0168120795622, 1.0
-1, 0.0119897921631, 1.0
-1, 0.00939791593657, 1.0
-1, 0.00499749758026, 1.0
-1, 0.00646206840455, 1.0
-1, 0.00903789971786, 1.0
1, 1.0, 1.0
-1, 0.00153820300629, 1.0
-1, 0.00156057870082, 1.0
-1, 0.0318364279773, 1.0
-1, 0.0168120795622, 1.0
-1, 0.0119897921631, 1.0
-1, 0.00939791593657, 1.0
-1, 0.00499749758026, 1.0
-1, 0.00646206840455, 1.0
-1, 0.00903789971786, 1.0
1, 1.0, 1.0
-1, 0.00156729543839, 1.0
-1, 0.0333238735402, 1.0
-1, 0.0172179277262, 1.0
-1, 0.0121947890258, 1.0
-1, 0.00952339890985, 1.0
-1, 0.00503276065176, 1.0
-1, 0.00652115065827, 1.0
-1, 0.00915389348177, 1.0
1, 0.416312317179, 1.0
-1, 0.00766958455397, 1.0
-1, 0.00156385899076, 1.0
-1, 0.0318364279773, 1.0
-1, 0.0168120795622, 1.0
-1, 0.0119897921631, 1.0
-1, 0.00939791593657, 1.0
-1, 0.00499749758026, 1.0
-1, 0.00646206840455, 1.0
-1, 0.00903789971786, 1.0
1, 1.0, 1.0
-1, 0.00758799024436, 1.0
-1, 0.0015706040544, 1.0
-1, 0.0333238737615, 1.0
-1, 0.0172179277853, 1.0
-1, 0.0121947890555, 1.0
-1, 0.00952339892793, 1.0
-1, 0.00503276065681, 1.0
-1, 0.00652115066674, 1.0
-1, 0.00915389349847, 1.0
1, 0.416312282637, 1.0
-1, 0.00766958456569, 1.0
-1, 0.00156729543888, 1.0
-1, 0.0333238737615, 1.0
-1, 0.0172179277853, 1.0
-1, 0.0121947890555, 1.0
-1, 0.00952339892793, 1.0
-1, 0.00503276065681, 1.0
-1, 0.00652115066674, 1.0
-1, 0.00915389349847, 1.0
1, 0.416312282637, 1.0
-1, 0.00766958456569, 1.0
-1, 0.00156385899076, 1.0
-1, 0.0318364279773, 1.0
-1, 0.0168120795622, 1.0
-1, 0.0119897921631, 1.0
-1, 0.00939791593657, 1.0
-1, 0.00499749758026, 1.0
-1, 0.00646206840455, 1.0
-1, 0.00903789971786, 1.0
1, 1.0, 1.0
-1, 0.00758799024436, 1.0
-1, 0.00154152750526, 1.0
-1, 0.00156400073147, 1.0
-1, 0.0333238735402, 1.0
-1, 0.0172179277262, 1.0
-1, 0.0121947890258, 1.0
-1, 0.00952339890985, 1.0
-1, 0.00503276065176, 1.0
-1, 0.00652115065827, 1.0
-1, 0.00915389348177, 1.0
1, 0.416312317179, 1.0
-1, 0.00153820300629, 1.0
-1, 0.00156057870082, 1.0
-1, 0.0318364279773, 1.0
-1, 0.0168120795622, 1.0
-1, 0.0119897921631, 1.0
-1, 0.00939791593657, 1.0
-1, 0.00499749758026, 1.0
-1, 0.00646206840455, 1.0
-1, 0.00903789971786, 1.0
1, 1.0, 1.0
-1, 0.00153820300629, 1.0
-1, 0.00156057870082, 1.0
-1, 0.0318364279773, 1.0
-1, 0.0168120795622, 1.0
-1, 0.0119897921631, 1.0
-1, 0.00939791593657, 1.0
-1, 0.00499749758026, 1.0
-1, 0.00646206840455, 1.0
-1, 0.00903789971786, 1.0
1, 1.0, 1.0
-1, 0.00154152750483, 1.0
-1, 0.00156071984517, 1.0
-1, 0.0333238733396, 1.0
-1, 0.0172179276727, 1.0
-1, 0.012194788999, 1.0
-1, 0.00952339889347, 1.0
-1, 0.00503276064718, 1.0
-1, 0.00652115065059, 1.0
-1, 0.00915389346663, 1.0
1, 0.416312348493, 1.0
-1, 0.00153820300629, 1.0
-1, 0.00155731214141, 1.0
-1, 0.0318364279773, 1.0
-1, 0.0168120795622, 1.0
-1, 0.0119897921631, 1.0
-1, 0.00939791593657, 1.0
-1, 0.00499749758026, 1.0
-1, 0.00646206840455, 1.0
-1, 0.00903789971786, 1.0
1, 1.0, 1.0
-1, 0.00153820300629, 1.0
-1, 0.00155731214141, 1.0
-1, 0.0318364279773, 1.0
-1, 0.0168120795622, 1.0
-1, 0.0119897921631, 1.0
-1, 0.00939791593657, 1.0
-1, 0.00499749758026, 1.0
-1, 0.00646206840455, 1.0
-1, 0.00903789971786, 1.0
1, 1.0, 1.0
-1, 0.00153820300629, 1.0
-1, 0.00155731214141, 1.0
-1, 0.0318364279773, 1.0
-1, 0.0168120795622, 1.0
-1, 0.0119897921631, 1.0
-1, 0.00939791593657, 1.0
-1, 0.00499749758026, 1.0
-1, 0.00646206840455, 1.0
-1, 0.00903789971786, 1.0
1, 1.0, 1.0
-1, 0.00153820300629, 1.0
-1, 0.00155731214141, 1.0
-1, 0.0318364279773, 1.0
-1, 0.0168120795622, 1.0
-1, 0.0119897921631, 1.0
-1, 0.00939791593657, 1.0
-1, 0.00499749758026, 1.0
-1, 0.00646206840455, 1.0
-1, 0.00903789971786, 1.0
1, 1.0, 1.0
-1, 0.0015415275044, 1.0
-1, 0.00155745269316, 1.0
-1, 0.033323873141, 1.0
-1, 0.0172179276197, 1.0
-1, 0.0121947889724, 1.0
-1, 0.00952339887725, 1.0
-1, 0.00503276064265, 1.0
-1, 0.00652115064298, 1.0
-1, 0.00915389345165, 1.0
1, 0.416312379485, 1.0
-1, 0.00154152750393, 1.0
-1, 0.00155419918939, 1.0
-1, 0.0333238729176, 1.0
-1, 0.01721792756, 1.0
-1, 0.0121947889424, 1.0
-1, 0.009523398859, 1.0
-1, 0.00503276063756, 1.0
-1, 0.00652115063443, 1.0
-1, 0.00915389343479, 1.0
1, 0.41631241435, 1.0
-1, 0.0015415275035, 1.0
-1, 0.00155095924857, 1.0
-1, 0.033323872718, 1.0
-1, 0.0172179275067, 1.0
-1, 0.0121947889157, 1.0
-1, 0.0095233988427, 1.0
-1, 0.00503276063301, 1.0
-1, 0.00652115062678, 1.0
-1, 0.00915389341973, 1.0
1, 0.416312445503, 1.0
-1, 0.00453505699803, 1.0
-1, 0.00569609993206, 1.0
-1, 0.00495056439433, 1.0
-1, 0.00153528385369, 1.0
-1, 0.00154823200513, 1.0
1, 0.00155158777559, 1.0
-1, 0.00160109163551, 1.0
-1, 0.00150870944562, 1.0
-1, 0.0015011814231, 1.0
-1, 0.00148837345744, 1.0
-1, 0.00213166359935, 1.0
-1, 0.00226156516702, 1.0
1, 0.318820487779, 1.0
-1, 0.151102266942, 1.0
-1, 0.0742675991308, 1.0
-1, 0.145805246478, 1.0
-1, 0.0237991575407, 1.0
-1, 0.0222092856403, 1.0
-1, 0.00193056518739, 1.0
-1, 0.00201925450987, 1.0
-1, 0.00205675902404, 1.0
1, 0.765609207831, 1.0
-1, 0.319827538243, 1.0
-1, 0.17482210765, 1.0
-1, 0.295258164762, 1.0
-1, 0.0218824382754, 1.0
-1, 0.0209331089779, 1.0
-1, 0.00195185683099, 1.0
-1, 0.0595082305061, 1.0
-1, 0.0380393881171, 1.0
-1, 0.00201750895908, 1.0
1, 0.928904163333, 1.0
-1, 0.119311147162, 1.0
-1, 0.0656675110554, 1.0
-1, 0.436495128087, 1.0
-1, 0.0203899276816, 1.0
-1, 0.0197784101386, 1.0
-1, 0.00191644572634, 1.0
-1, 0.0636539449496, 1.0
-1, 0.0396818783141, 1.0
-1, 0.00206459811964, 1.0
-1, 0.0732446614364, 1.0
-1, 0.203608041738, 1.0
1, 0.575252041576, 1.0
-1, 0.0268493167391, 1.0
-1, 0.0265476800022, 1.0
-1, 0.0384174084962, 1.0
-1, 0.00195887848154, 1.0
-1, 0.56605354431, 1.0
-1, 0.0888174895378, 1.0
-1, 0.00144576962167, 1.0
-1, 0.000448431858755, 1.0
-1, 0.000442075099282, 1.0
-1, 0.0127231172541, 1.0
-1, 0.039162323767, 1.0
-1, 0.0191404040519, 1.0
-1, 0.295856987059, 1.0
1, 0.981540221778, 1.0
-1, 0.0249554825455, 1.0
-1, 0.0395564194422, 1.0
-1, 0.00148673297317, 1.0
-1, 0.000452222094497, 1.0
-1, 0.000445760656032, 1.0
-1, 0.0173720899559, 1.0
-1, 0.23676969864, 1.0
-1, 0.0321860298958, 1.0
-1, 0.0501296223514, 1.0
1, 0.993578422891, 1.0
-1, 0.0533332071657, 1.0
-1, 0.251958361259, 1.0
-1, 0.00154588341619, 1.0
-1, 0.000457532519471, 1.0
-1, 0.00045092043489, 1.0
-1, 0.031933831329, 1.0
1, 0.356093130258, 1.0
-1, 0.208762735081, 1.0
-1, 0.281581724468, 1.0
-1, 0.0415271044623, 1.0
-1, 0.0284832139455, 1.0
-1, 0.0491431358647, 1.0
-1, 0.00111088834674, 1.0
-1, 0.00156432295537, 1.0
-1, 0.00060535819672, 1.0
-1, 0.000459125597267, 1.0
-1, 0.000452468540543, 1.0
-1, 0.00197154289101, 1.0
-1, 0.0428811049533, 1.0
-1, 0.191732206743, 1.0
1, 0.3490519883, 1.0
-1, 0.0802231193983, 0.0
-1, 0.00160431549138, 1.0
-1, 0.000611252259933, 1.0
-1, 0.000462507696012, 1.0
-1, 0.000455753171212, 1.0
-1, 0.00203550209973, 1.0
-1, 0.137265361853, 1.0
-1, 0.0308848872672, 1.0
-1, 0.0604219551988, 0.0
1, 0.999013901939, 1.0
-1, 0.00113090427631, 1.0
-1, 0.00164559321637, 1.0
-1, 0.000617147207995, 1.0
-1, 0.000465874267574, 1.0
-1, 0.000459022271578, 1.0
-1, 0.00210242413671, 1.0
1, 0.837944810348, 1.0
-1, 0.0602435131813, 1.0
-1, 0.183471140005, 0.0
-1, 0.0950888072323, 1.0
-1, 0.00115125566658, 1.0
-1, 0.000952452987993, 1.0
-1, 0.00168714563628, 1.0
-1, 0.00807268087624, 1.0
-1, 0.00217073020689, 1.0
1, 0.94583946878, 1.0
-1, 0.637250285468, 1.0
-1, 0.00117143858046, 1.0
-1, 0.163433760063, 0.0
-1, 0.000877883609355, 1.0
-1, 0.000622899811398, 1.0
-1, 0.00140886223991, 1.0
-1, 0.0017275617197, 1.0
-1, 0.00909038763947, 1.0
-1, 0.00223809686872, 1.0
-1, 0.0698011013331, 1.0
1, 0.815921299474, 1.0
-1, 0.00119078127885, 1.0
-1, 0.000965200562796, 1.0
-1, 0.000888701883443, 1.0
-1, 0.000628326865883, 1.0
-1, 0.00231619698905, 1.0
-1, 0.0017737272841, 1.0
-1, 0.0105329294322, 1.0
-1, 0.00143941515101, 1.0
-1, 0.437231469577, 0.0
1, 0.996052309041, 1.0
-1, 0.00121253451838, 1.0
-1, 0.000979443343892, 1.0
-1, 0.000900762353407, 1.0
-1, 0.000634331684818, 1.0
-1, 0.00239352833926, 1.0
-1, 0.0123469905512, 1.0
-1, 0.00146890834263, 1.0
-1, 0.00181872550124, 1.0
1, 0.9365837983, 1.0
-1, 0.00123339564369, 1.0
-1, 0.000993010039447, 1.0
-1, 0.000912224156099, 1.0
-1, 0.000639994518645, 1.0
-1, 0.000500809127876, 1.0
-1, 0.00243397310383, 1.0
-1, 0.0135045677523, 1.0
-1, 0.00148404213867, 1.0
-1, 0.00184198285323, 1.0
1, 0.307318636382, 1.0
-1, 0.00124404803012, 1.0
-1, 0.000999903206224, 1.0
-1, 0.000918038081788, 1.0
-1, 0.000642850751944, 1.0
-1, 0.000502556415181, 1.0
-1, 0.00151228988611, 1.0
-1, 0.016270061335, 1.0
-1, 0.00251089446705, 1.0
-1, 0.0018857009303, 1.0
1, 0.996051906557, 1.0
-1, 0.00126383735398, 1.0
-1, 0.00101264759127, 1.0
-1, 0.000928769852897, 1.0
-1, 0.000648094612975, 1.0
-1, 0.00050575551695, 1.0
-1, 0.0015469998154, 1.0
-1, 0.0214471851702, 1.0
-1, 0.00260805134488, 1.0
-1, 0.00193997567912, 1.0
1, 0.996051750283, 1.0
-1, 0.00128798816381, 1.0
-1, 0.00102809371804, 1.0
-1, 0.000941746748464, 1.0
-1, 0.000654386798875, 1.0
-1, 0.00050957919149, 1.0
-1, 0.00158111872207, 1.0
-1, 0.0306023496663, 1.0
-1, 0.00270651301783, 1.0
-1, 0.00199393263778, 1.0
1, 0.936581941646, 1.0
-1, 0.00131155155809, 1.0
-1, 0.00104305191168, 1.0
-1, 0.000954282536656, 1.0
-1, 0.000660415060318, 1.0
-1, 0.000513227251537, 1.0
-1, 0.00162145840181, 1.0
-1, 0.0590236077277, 1.0
-1, 0.0028269010714, 1.0
-1, 0.00205851700037, 1.0
1, 0.985281104864, 1.0
-1, 0.00133918846522, 1.0
-1, 0.00106045639104, 1.0
-1, 0.000968829986335, 1.0
-1, 0.000667349843465, 1.0
-1, 0.000517405585794, 1.0
-1, 0.00165895028897, 1.0
-1, 0.332842745498, 1.0
-1, 0.00294285299987, 1.0
-1, 0.00211932352915, 1.0
1, 0.936580892314, 1.0
-1, 0.00136466056556, 1.0
-1, 0.00107636568777, 1.0
-1, 0.00098209164776, 1.0
-1, 0.000673615462899, 1.0
-1, 0.000521163993818, 1.0
-1, 0.00309552130903, 1.0
1, 0.916739031069, 1.0
-1, 0.00170639175805, 1.0
-1, 0.00219736878465, 1.0
-1, 0.063473838319, 1.0
-1, 0.00139660118178, 1.0
-1, 0.00109613863968, 1.0
-1, 0.000998526192395, 1.0
-1, 0.000681306785082, 1.0
-1, 0.000525756025888, 1.0
-1, 0.0032537716359, 1.0
1, 0.985843045126, 1.0
-1, 0.00175340101952, 1.0
-1, 0.0022759444839, 1.0
-1, 0.467542332964, 0.0
-1, 0.00142793434589, 1.0
-1, 0.00111534739427, 1.0
-1, 0.00101444131422, 1.0
-1, 0.000688678745683, 1.0
-1, 0.000530135223442, 1.0
-1, 0.00342997318665, 1.0
1, 0.985843406399, 1.0
-1, 0.00180332236592, 1.0
-1, 0.00236077419021, 1.0
-1, 0.0639004251963, 0.0
-1, 0.00146086886291, 1.0
-1, 0.00113533992899, 1.0
-1, 0.00103095323886, 1.0
-1, 0.000696249046289, 1.0
-1, 0.000534609836062, 1.0
-1, 0.00375980997677, 1.0
1, 0.595502350425, 1.0
-1, 0.00189051836758, 1.0
-1, 0.00251247898471, 1.0
-1, 0.0461912565528, 0.0
-1, 0.00151757143807, 1.0
-1, 0.0011692940132, 1.0
-1, 0.0010588738937, 1.0
-1, 0.000708872410071, 1.0
-1, 0.000542021156628, 1.0
-1, 0.00398648381433, 1.0
1, 0.985844164799, 1.0
-1, 0.00194616060371, 1.0
-1, 0.00261171600725, 1.0
-1, 0.0177464723211, 0.0
-1, 0.00155321877395, 1.0
-1, 0.00119034348818, 1.0
-1, 0.00107610624979, 1.0
-1, 0.000716554200273, 1.0
-1, 0.000546500892911, 1.0
-1, 0.00425424244067, 1.0
1, 0.985844519048, 1.0
-1, 0.0020078544442, 1.0
-1, 0.00272403946636, 1.0
-1, 0.0138624359269, 0.0
-1, 0.00159226500197, 1.0
-1, 0.00121314245521, 1.0
-1, 0.00109470498162, 1.0
-1, 0.000724753380209, 1.0
-1, 0.00055125727063, 1.0
-1, 0.00458195941805, 1.0
1, 0.920502109653, 1.0
-1, 0.00207800045942, 1.0
-1, 0.00285478036116, 1.0
-1, 0.0115072867908, 0.0
-1, 0.00163606159656, 1.0
-1, 0.00123840041092, 1.0
-1, 0.00111523015925, 1.0
-1, 0.000733693227949, 1.0
-1, 0.000556414040864, 1.0
-1, 0.00491416677663, 1.0
1, 0.99575568604, 1.0
-1, 0.00214372419592, 1.0
-1, 0.00298030874325, 1.0
-1, 0.0094671888993, 0.0
-1, 0.00167653027407, 1.0
-1, 0.00126144869504, 1.0
-1, 0.00113388717985, 1.0
-1, 0.000741722271608, 1.0
-1, 0.000561019618731, 1.0
-1, 0.00532779026108, 1.0
1, 0.985845593925, 1.0
-1, 0.00221887068729, 1.0
-1, 0.00312756567315, 1.0
-1, 0.00836807166473, 0.0
-1, 0.00172214328315, 1.0
-1, 0.00128709882034, 1.0
-1, 0.00115456943671, 1.0
-1, 0.000750516743673, 1.0
-1, 0.000566036462013, 1.0
-1, 0.00581710015493, 1.0
1, 0.98584595173, 1.0
-1, 0.00229942353106, 1.0
-1, 0.00329002152549, 1.0
-1, 0.00739153047299, 0.0
-1, 0.00177027600807, 1.0
-1, 0.00131379628805, 1.0
-1, 0.00117600623138, 1.0
-1, 0.000759516438452, 1.0
-1, 0.000571140543824, 1.0
-1, 0.00636614111501, 1.0
1, 0.995755155904, 1.0
-1, 0.00238058001314, 1.0
-1, 0.00345873010833, 1.0
-1, 0.00657720425771, 0.0
-1, 0.00181799095807, 1.0
-1, 0.00133989508924, 1.0
-1, 0.00119687418585, 1.0
-1, 0.000768166402437, 1.0
-1, 0.000576018084899, 1.0
-1, 0.00703012352731, 1.0
1, 0.995754990817, 1.0
-1, 0.00246773623421, 1.0
-1, 0.00364581034904, 1.0
-1, 0.00599246218686, 0.0
-1, 0.00186838453321, 1.0
-1, 0.00136707067514, 1.0
-1, 0.00121851109218, 1.0
-1, 0.000777021752189, 1.0
-1, 0.000580983057237, 1.0
-1, 0.00784873914823, 1.0
1, 0.9957548285, 1.0
-1, 0.00256151674404, 1.0
-1, 0.00385428581813, 1.0
-1, 0.00550320364385, 0.0
-1, 0.00192165149005, 1.0
-1, 0.0013953714125, 1.0
-1, 0.00124094468848, 1.0
-1, 0.000786083646366, 1.0
-1, 0.000586034362462, 1.0
-1, 0.00266270659181, 1.0
1, 0.995754668104, 1.0
-1, 0.00888312524464, 1.0
-1, 0.00408804937839, 1.0
-1, 0.00508780648897, 0.0
-1, 0.00197804479568, 1.0
-1, 0.00142486865545, 1.0
-1, 0.00126421980225, 1.0
-1, 0.000795359396479, 1.0
-1, 0.00059117427211, 1.0
-1, 0.00276541647208, 1.0
1, 0.935546577692, 1.0
-1, 0.0101394740275, 1.0
-1, 0.00433525570873, 1.0
-1, 0.0047109409349, 0.0
-1, 0.00203416923303, 1.0
-1, 0.00145376193846, 1.0
-1, 0.00128691325935, 1.0
-1, 0.000804282187786, 1.0
-1, 0.000596089639506, 1.0
-1, 0.00287583336268, 1.0
1, 0.935546134218, 1.0
-1, 0.0118007284512, 1.0
-1, 0.00461290790882, 1.0
-1, 0.00442173166541, 0.0
-1, 0.00209328833488, 1.0
-1, 0.00148370896308, 1.0
-1, 0.00131032534557, 1.0
-1, 0.000813364690478, 1.0
-1, 0.000601064078788, 1.0
-1, 0.00295875231434, 1.0
1, 0.24100181707, 1.0
-1, 0.0133341303542, 1.0
-1, 0.00483003136979, 1.0
-1, 0.00409536377645, 0.0
-1, 0.00213687875935, 1.0
-1, 0.00150547627306, 1.0
-1, 0.00132727347346, 1.0
-1, 0.000819863128113, 1.0
-1, 0.000604605480269, 1.0
-1, 0.00317642580137, 1.0
1, 0.691199257375, 1.0
-1, 0.0192921861391, 1.0
-1, 0.00543841988655, 1.0
-1, 0.00426718340745, 0.0
-1, 0.00224814476913, 1.0
-1, 0.00155986634768, 1.0
-1, 0.0013693693322, 1.0
-1, 0.000835732771658, 1.0
-1, 0.000613192196051, 1.0
-1, 0.00335076196336, 1.0
1, 0.920511110591, 1.0
-1, 0.0282049762962, 1.0
-1, 0.00597024752281, 1.0
-1, 0.00370790342126, 0.0
-1, 0.002334095381, 1.0
-1, 0.00160076616362, 1.0
-1, 0.00140078884188, 1.0
-1, 0.00084733195155, 1.0
-1, 0.000619413531344, 1.0
-1, 0.00356348531365, 1.0
1, 0.826694067246, 1.0
-1, 0.0566917292035, 1.0
-1, 0.00668083964752, 1.0
-1, 0.0035043580882, 0.0
-1, 0.00243536517695, 1.0
-1, 0.00164775757006, 1.0
-1, 0.00143664124564, 1.0
-1, 0.000860319000001, 1.0
-1, 0.000626325120318, 1.0
-1, 0.00365198192489, 1.0
1, 0.307737515811, 1.0
-1, 0.0922594964566, 1.0
-1, 0.00699880442888, 1.0
-1, 0.00318529067818, 0.0
-1, 0.00247637669399, 1.0
-1, 0.0016664301988, 1.0
-1, 0.00145081502022, 1.0
-1, 0.000865381822444, 1.0
-1, 0.000629004158005, 1.0
-1, 0.00379350090277, 1.0
1, 0.67340785473, 1.0
-1, 0.726640440424, 1.0
-1, 0.00753770554328, 1.0
-1, 0.00319235203853, 0.0
-1, 0.00254064653373, 1.0
-1, 0.00169528892194, 1.0
-1, 0.0014726400546, 1.0
-1, 0.000873100059643, 1.0
-1, 0.000633071895296, 1.0
-1, 0.00433950784638, 1.0
-1, 0.0289485088284, 1.0
1, 0.85831708185, 1.0
-1, 0.0100504035731, 1.0
-1, 0.00328903855464, 0.0
-1, 0.00277444295945, 1.0
-1, 0.00179629295389, 1.0
-1, 0.00154826402437, 1.0
-1, 0.000899138100202, 1.0
-1, 0.000646650033602, 1.0
-1, 0.00486200311945, 1.0
-1, 0.105824405532, 0.0
1, 0.503955339268, 1.0
-1, 0.0133807627113, 1.0
-1, 0.00288807464732, 1.0
-1, 0.00297913070671, 1.0
-1, 0.0018799192473, 1.0
-1, 0.00160999394145, 1.0
-1, 0.000919614735055, 1.0
-1, 0.000657173912248, 1.0
-1, 0.00529775829688, 1.0
-1, 0.0247387821442, 0.0
1, 0.830561858646, 1.0
-1, 0.0172960430862, 1.0
-1, 0.00265094378635, 1.0
-1, 0.0031372457053, 1.0
-1, 0.00194167107935, 1.0
-1, 0.00165507315849, 1.0
-1, 0.000934147767952, 1.0
-1, 0.000664562317912, 1.0
-1, 0.00574306974007, 1.0
-1, 0.0163447547768, 0.0
1, 0.994990047493, 1.0
-1, 0.0231585940906, 1.0
-1, 0.00251266721834, 1.0
-1, 0.00328823232377, 1.0
-1, 0.00199846470562, 1.0
-1, 0.00169616083917, 1.0
-1, 0.000947096796926, 1.0
-1, 0.000671089767779, 1.0
-1, 0.00676509339104, 1.0
-1, 0.0154926560461, 0.0
1, 0.686413971656, 1.0
-1, 0.059258471856, 1.0
-1, 0.00249160052556, 1.0
-1, 0.00359958914868, 1.0
-1, 0.00210935381458, 1.0
-1, 0.00177537447662, 1.0
-1, 0.000971295302266, 1.0
-1, 0.000683149544562, 1.0
-1, 0.00754875639879, 1.0
-1, 0.00990999783913, 0.0
1, 0.987177777515, 1.0
-1, 0.653700860908, 1.0
-1, 0.00228461820242, 1.0
-1, 0.00381004594951, 1.0
-1, 0.00217991550693, 1.0
-1, 0.00182509730349, 1.0
-1, 0.000985991468946, 1.0
-1, 0.000690387034777, 1.0
-1, 0.00857024101058, 1.0
-1, 0.00856916131536, 0.0
-1, 0.061502240308, 1.0
1, 0.98398052756, 1.0
-1, 0.00220507546315, 1.0
-1, 0.00405392177359, 1.0
-1, 0.00225762141091, 1.0
-1, 0.00187925175761, 1.0
-1, 0.00100158425538, 1.0
-1, 0.0006979956993, 1.0
-1, 0.0100127408047, 1.0
-1, 0.00760690477083, 1.0
-1, 0.387136391438, 0.0
1, 0.924508041049, 1.0
-1, 0.0021355604003, 1.0
-1, 0.00435038586147, 1.0
-1, 0.00234667963147, 1.0
-1, 0.00194055448988, 1.0
-1, 0.0010187363903, 1.0
-1, 0.000706282753872, 1.0
-1, 0.0117489119532, 1.0
-1, 0.00665821400409, 1.0
-1, 0.0551029550567, 0.0
1, 0.994710728346, 1.0
-1, 0.00205342163828, 1.0
-1, 0.00464886610947, 1.0
-1, 0.00243086882767, 1.0
-1, 0.0019977697978, 1.0
-1, 0.00103428686395, 1.0
-1, 0.000713722338081, 1.0
-1, 0.0146427370514, 1.0
-1, 0.00613349955931, 1.0
-1, 0.0322617251515, 0.0
1, 0.924509626829, 1.0
-1, 0.00200063760981, 1.0
-1, 0.00504323987792, 1.0
-1, 0.00253450374216, 1.0
-1, 0.00206723823803, 1.0
-1, 0.00105259970479, 1.0
-1, 0.000722395061948, 1.0
-1, 0.00197199232578, 1.0
-1, 0.00587199727262, 1.0
-1, 0.0261388489129, 0.0
1, 0.684758113955, 1.0
-1, 0.0237729455027, 1.0
-1, 0.00581203870095, 1.0
-1, 0.00271498639019, 1.0
-1, 0.0021857512655, 1.0
-1, 0.00108248516586, 1.0
-1, 0.00073634691864, 1.0
-1, 0.00184720017326, 1.0
-1, 0.00488858114873, 1.0
-1, 0.0137901060242, 0.0
1, 0.831904826934, 1.0
-1, 0.0406118722964, 1.0
-1, 0.00646765759723, 1.0
-1, 0.00284993862453, 1.0
-1, 0.0022723792908, 1.0
-1, 0.00110331560791, 1.0
-1, 0.000745926696121, 1.0
-1, 0.00177897659038, 1.0
-1, 0.00443814312282, 1.0
-1, 0.010720769488, 0.0
1, 0.994709802312, 1.0
-1, 0.100147342907, 1.0
-1, 0.00714400451614, 1.0
-1, 0.0029740065176, 1.0
-1, 0.00235056642782, 1.0
-1, 0.00112142703775, 1.0
-1, 0.0007541612938, 1.0
-1, 0.00972963160972, 0.0
-1, 0.00425855594367, 1.0
-1, 0.00174940522985, 1.0
-1, 0.082085782169, 1.0
1, 0.638814408114, 1.0
-1, 0.0083465529019, 1.0
-1, 0.00316376483477, 1.0
-1, 0.00246754104283, 1.0
-1, 0.00114737670489, 1.0
-1, 0.000765808974808, 1.0
-1, 0.00865980241814, 1.0
-1, 0.00404009951423, 1.0
-1, 0.00171139059039, 1.0
-1, 0.0572532659325, 0.0
1, 0.791425735302, 1.0
-1, 0.0107190213232, 1.0
-1, 0.00345350074802, 1.0
-1, 0.00264030666975, 1.0
-1, 0.00118338227371, 1.0
-1, 0.000781683098731, 1.0
-1, 0.00660164800874, 1.0
-1, 0.00352708911892, 1.0
-1, 0.00161206732569, 1.0
-1, 0.0486969969915, 0.0
1, 0.824621410623, 1.0
-1, 0.013218063252, 1.0
-1, 0.0036775085076, 1.0
-1, 0.00276927101349, 1.0
-1, 0.00120860898595, 1.0
-1, 0.000792611096327, 1.0
-1, 0.00625060478225, 1.0
-1, 0.00342433975687, 1.0
-1, 0.0015902581665, 1.0
-1, 0.0344324013581, 0.0
1, 0.79142277872, 1.0
-1, 0.0204987411964, 1.0
-1, 0.0040807550295, 1.0
-1, 0.00299190401878, 1.0
-1, 0.00124917723989, 1.0
-1, 0.000809859391978, 1.0
-1, 0.00510241029851, 1.0
-1, 0.00304851683173, 1.0
-1, 0.00150414382492, 1.0
-1, 0.0153742580763, 0.0
1, 0.82462420797, 1.0
-1, 0.0321073995787, 1.0
-1, 0.0043972527711, 1.0
-1, 0.00315858618001, 1.0
-1, 0.00127732039055, 1.0
-1, 0.000821595290516, 1.0
-1, 0.00470462592506, 1.0
-1, 0.00290192118459, 1.0
-1, 0.00146756462149, 1.0
-1, 0.0122526826509, 0.0
1, 0.72480251708, 1.0
-1, 0.0810459305961, 1.0
-1, 0.00479368079876, 1.0
-1, 0.00335806448056, 1.0
-1, 0.00130875975607, 1.0
-1, 0.000834489442297, 1.0
-1, 0.00445185879077, 1.0
-1, 0.00280372937868, 1.0
-1, 0.00144202441775, 1.0
-1, 0.0106742558357, 0.0
-1, 0.0672391010254, 1.0
1, 0.594788157813, 1.0
-1, 0.00545265112229, 1.0
-1, 0.00366865254123, 1.0
-1, 0.00135341582054, 1.0
-1, 0.000852422950236, 1.0
-1, 0.00390463470234, 1.0
-1, 0.00257633404491, 1.0
-1, 0.00137940515885, 1.0
-1, 0.00798951981397, 1.0
-1, 0.146447590798, 0.0
1, 0.729445162771, 1.0
-1, 0.00605844396849, 1.0
-1, 0.00393326823994, 1.0
-1, 0.00138786135243, 1.0
-1, 0.000865959509514, 1.0
-1, 0.00363961357966, 1.0
-1, 0.00245822876926, 1.0
-1, 0.00134481138109, 1.0
-1, 0.00695349991437, 1.0
-1, 0.0723580713879, 0.0
1, 0.729446732918, 1.0
-1, 0.00683011677089, 1.0
-1, 0.00424460840262, 1.0
-1, 0.00142473569507, 1.0
-1, 0.000880173292057, 1.0
-1, 0.00351472714876, 1.0
-1, 0.00240061669359, 1.0
-1, 0.0424037432408, 0.0
-1, 0.00651147197, 1.0
-1, 0.00132738423278, 1.0
1, 0.876257272134, 1.0
-1, 0.00841212443645, 1.0
-1, 0.00480633709876, 1.0
-1, 0.00148290897006, 1.0
-1, 0.000902034081813, 1.0
-1, 0.00311364477955, 1.0
-1, 0.00220648489176, 1.0
-1, 0.00126580472235, 1.0
-1, 0.00525693308472, 1.0
-1, 0.016602268375, 0.0
1, 0.729450039682, 1.0
-1, 0.0100002116958, 1.0
-1, 0.00528595712571, 1.0
-1, 0.00152561799521, 1.0
-1, 0.000917660679511, 1.0
-1, 0.00292390210496, 1.0
-1, 0.0021094766099, 1.0
-1, 0.00123326920662, 1.0
-1, 0.0047378396145, 1.0
-1, 0.0123343446444, 0.0
1, 0.922281512733, 1.0
-1, 0.0119699359344, 1.0
-1, 0.00578954142198, 1.0
-1, 0.00156490399555, 1.0
-1, 0.000931730111649, 1.0
-1, 0.00277210470745, 1.0
-1, 0.00202930618697, 1.0
-1, 0.00120542781529, 1.0
-1, 0.00435171102293, 1.0
-1, 0.0100197937172, 0.0
1, 0.995308428546, 1.0
-1, 0.014537650515, 1.0
-1, 0.00633033498762, 1.0
-1, 0.00160189379831, 1.0
-1, 0.000944718435857, 1.0
-1, 0.00266260513644, 1.0
-1, 0.00196999869568, 1.0
-1, 0.00118425002704, 1.0
-1, 0.00408780692066, 1.0
-1, 0.0087231305133, 0.0
1, 0.995308255675, 1.0
-1, 0.0185351218086, 1.0
-1, 0.00698644819323, 1.0
-1, 0.00164088875574, 1.0
-1, 0.000958147017333, 1.0
-1, 0.00255042028703, 1.0
-1, 0.00190790626326, 1.0
-1, 0.00116152586129, 1.0
-1, 0.00382921465348, 1.0
-1, 0.00762439434237, 0.0
1, 0.815420871726, 1.0
-1, 0.0245090301875, 1.0
-1, 0.00769325997696, 1.0
-1, 0.00167707712814, 1.0
-1, 0.00097037368323, 1.0
-1, 0.002415632818, 1.0
-1, 0.001831459145, 1.0
-1, 0.0011327408586, 1.0
-1, 0.00353321797194, 1.0
-1, 0.00653441360949, 0.0
1, 0.426272121876, 1.0
-1, 0.0271577789143, 1.0
-1, 0.00793622546758, 1.0
-1, 0.0016883448011, 1.0
-1, 0.000974135333244, 1.0
-1, 0.00244755361591, 1.0
-1, 0.00184974944114, 1.0
-1, 0.00113971090855, 1.0
-1, 0.0036019273641, 1.0
-1, 0.00677337192094, 0.0
1, 0.671492983191, 1.0
-1, 0.0389057179232, 1.0
-1, 0.0087042970256, 1.0
-1, 0.00172064509087, 1.0
-1, 0.000984801837792, 1.0
-1, 0.00231691009084, 1.0
-1, 0.00177414479803, 1.0
-1, 0.00111055142303, 1.0
-1, 0.0033259361602, 1.0
-1, 0.00585908733964, 0.0
1, 0.690302911711, 1.0
-1, 0.0403381075379, 1.0
-1, 0.00877400181398, 1.0
-1, 0.00172335151566, 1.0
-1, 0.000985687808114, 1.0
-1, 0.00230433573837, 1.0
-1, 0.00176676239237, 1.0
-1, 0.00110765425574, 1.0
-1, 0.00330008561396, 1.0
-1, 0.00577933588643, 0.0
1, 1.0, 1.0
-1, 0.0396210744692, 1.0
-1, 0.00873959956338, 1.0
-1, 0.00172202011202, 1.0
-1, 0.0009852521113, 1.0
-1, 0.00230433573837, 1.0
-1, 0.00176676239237, 1.0
-1, 0.00110765425574, 1.0
-1, 0.00330008561396, 1.0
-1, 0.00577933588643, 0.0
1, 1.0, 1.0
-1, 0.0396210744692, 1.0
-1, 0.00873959956338, 1.0
-1, 0.00172202011202, 1.0
-1, 0.0009852521113, 1.0
-1, 0.00231180404869, 1.0
-1, 0.00177114930413, 1.0
-1, 0.0011093769529, 1.0
-1, 0.00331542436191, 1.0
-1, 0.00582654376981, 0.0
1, 0.690302911711, 1.0
-1, 0.041951295999, 1.0
-1, 0.00884800788355, 1.0
-1, 0.00172618738295, 1.0
-1, 0.000986614875177, 1.0
-1, 0.00231691009191, 1.0
-1, 0.00177414479866, 1.0
-1, 0.00111055142328, 1.0
-1, 0.00332593616242, 1.0
-1, 0.00585908734652, 0.0
1, 0.690302880362, 1.0
-1, 0.0403381078637, 1.0
-1, 0.00877400182939, 1.0
-1, 0.00172335151626, 1.0
-1, 0.000985687808309, 1.0
-1, 0.00231450426338, 1.0
-1, 0.00177273378875, 1.0
-1, 0.00110999838068, 1.0
-1, 0.00332098076807, 1.0
-1, 0.00584372642292, 0.0
1, 1.0, 1.0
-1, 0.0368382877829, 1.0
-1, 0.00859636088035, 1.0
-1, 0.00171638494183, 1.0
-1, 0.000983404826557, 1.0
-1, 0.00231450426338, 1.0
-1, 0.00177273378875, 1.0
-1, 0.00110999838068, 1.0
-1, 0.00332098076807, 1.0
-1, 0.00584372642292, 0.0
1, 1.0, 1.0
-1, 0.0368382877829, 1.0
-1, 0.00859636088035, 1.0
-1, 0.00171638494183, 1.0
-1, 0.000983404826557, 1.0
-1, 0.00231450426338, 1.0
-1, 0.00177273378875, 1.0
-1, 0.00110999838068, 1.0
-1, 0.00332098076807, 1.0
-1, 0.00584372642292, 0.0
1, 1.0, 1.0
-1, 0.0368382877829, 1.0
-1, 0.00859636088035, 1.0
-1, 0.00171638494183, 1.0
-1, 0.000983404826557, 1.0
-1, 0.00231450426338, 1.0
-1, 0.00177273378875, 1.0
-1, 0.00110999838068, 1.0
-1, 0.00332098076807, 1.0
-1, 0.00584372642292, 0.0
1, 1.0, 1.0
-1, 0.0368382877829, 1.0
-1, 0.00859636088035, 1.0
-1, 0.00171638494183, 1.0
-1, 0.000983404826557, 1.0
-1, 0.00231450426338, 1.0
-1, 0.00177273378875, 1.0
-1, 0.00110999838068, 1.0
-1, 0.00332098076807, 1.0
-1, 0.00584372642292, 0.0
1, 1.0, 1.0
-1, 0.0368382877829, 1.0
-1, 0.00859636088035, 1.0
-1, 0.00171638494183, 1.0
-1, 0.000983404826557, 1.0
-1, 0.00231450426338, 1.0
-1, 0.00177273378875, 1.0
-1, 0.00110999838068, 1.0
-1, 0.00332098076807, 1.0
-1, 0.00584372642292, 0.0
1, 1.0, 1.0
-1, 0.0368382877829, 1.0
-1, 0.00859636088035, 1.0
-1, 0.00171638494183, 1.0
-1, 0.000983404826557, 1.0
-1, 0.00231450426338, 1.0
-1, 0.00177273378875, 1.0
-1, 0.00110999838068, 1.0
-1, 0.00332098076807, 1.0
-1, 0.00584372642292, 0.0
1, 1.0, 1.0
-1, 0.0368382877829, 1.0
-1, 0.00859636088035, 1.0
-1, 0.00171638494183, 1.0
-1, 0.000983404826557, 1.0
-1, 0.00231450426338, 1.0
-1, 0.00177273378875, 1.0
-1, 0.00110999838068, 1.0
-1, 0.00332098076807, 1.0
-1, 0.00584372642292, 0.0
1, 1.0, 1.0
-1, 0.0368382877829, 1.0
-1, 0.00859636088035, 1.0
-1, 0.00171638494183, 1.0
-1, 0.000983404826557, 1.0
-1, 0.00231450426338, 1.0
-1, 0.00177273378875, 1.0
-1, 0.00110999838068, 1.0
-1, 0.00332098076807, 1.0
-1, 0.00584372642292, 0.0
1, 1.0, 1.0
-1, 0.0368382877829, 1.0
-1, 0.00859636088035, 1.0
-1, 0.00171638494183, 1.0
-1, 0.000983404826557, 1.0
-1, 0.00231450426338, 1.0
-1, 0.00177273378875, 1.0
-1, 0.00110999838068, 1.0
-1, 0.00332098076807, 1.0
-1, 0.00584372642292, 0.0
1, 1.0, 1.0
-1, 0.0368382877829, 1.0
-1, 0.00859636088035, 1.0
-1, 0.00171638494183, 1.0
-1, 0.000983404826557, 1.0
-1, 0.00231450426338, 1.0
-1, 0.00177273378875, 1.0
-1, 0.00110999838068, 1.0
-1, 0.00332098076807, 1.0
-1, 0.00584372642292, 0.0
1, 1.0, 1.0
-1, 0.0368382877829, 1.0
-1, 0.00859636088035, 1.0
-1, 0.00171638494183, 1.0
-1, 0.000983404826557, 1.0
-1, 0.00231450426338, 1.0
-1, 0.00177273378875, 1.0
-1, 0.00110999838068, 1.0
-1, 0.00332098076807, 1.0
-1, 0.00584372642292, 0.0
1, 1.0, 1.0
-1, 0.0368382877829, 1.0
-1, 0.00859636088035, 1.0
-1, 0.00171638494183, 1.0
-1, 0.000983404826557, 1.0
-1, 0.00231450426338, 1.0
-1, 0.00177273378875, 1.0
-1, 0.00110999838068, 1.0
-1, 0.00332098076807, 1.0
-1, 0.00584372642292, 0.0
1, 1.0, 1.0
-1, 0.0368382877829, 1.0
-1, 0.00859636088035, 1.0
-1, 0.00171638494183, 1.0
-1, 0.000983404826557, 1.0
-1, 0.00231450426338, 1.0
-1, 0.00177273378875, 1.0
-1, 0.00110999838068, 1.0
-1, 0.00332098076807, 1.0
-1, 0.00584372642292, 0.0
1, 1.0, 1.0
-1, 0.0368382877829, 1.0
-1, 0.00859636088035, 1.0
-1, 0.00171638494183, 1.0
-1, 0.000983404826557, 1.0
-1, 0.00231450426338, 1.0
-1, 0.00177273378875, 1.0
-1, 0.00110999838068, 1.0
-1, 0.00332098076807, 1.0
-1, 0.00584372642292, 0.0
1, 1.0, 1.0
-1, 0.0368382877829, 1.0
-1, 0.00859636088035, 1.0
-1, 0.00171638494183, 1.0
-1, 0.000983404826557, 1.0
-1, 0.00231450426338, 1.0
-1, 0.00177273378875, 1.0
-1, 0.00110999838068, 1.0
-1, 0.00332098076807, 1.0
-1, 0.00584372642292, 0.0
1, 1.0, 1.0
-1, 0.0368382877829, 1.0
-1, 0.00859636088035, 1.0
-1, 0.00171638494183, 1.0
-1, 0.000983404826557, 1.0
-1, 0.00231450426338, 1.0
-1, 0.00177273378875, 1.0
-1, 0.00110999838068, 1.0
-1, 0.00332098076807, 1.0
-1, 0.00584372642292, 0.0
1, 1.0, 1.0
-1, 0.0368382877829, 1.0
-1, 0.00859636088035, 1.0
-1, 0.00171638494183, 1.0
-1, 0.000983404826557, 1.0
-1, 0.00231450426338, 1.0
-1, 0.00177273378875, 1.0
-1, 0.00110999838068, 1.0
-1, 0.00332098076807, 1.0
-1, 0.00584372642292, 0.0
1, 1.0, 1.0
-1, 0.0368382877829, 1.0
-1, 0.00859636088035, 1.0
-1, 0.00171638494183, 1.0
-1, 0.000983404826557, 1.0
-1, 0.00231450426338, 1.0
-1, 0.00177273378875, 1.0
-1, 0.00110999838068, 1.0
-1, 0.00332098076807, 1.0
-1, 0.00584372642292, 0.0
1, 1.0, 1.0
-1, 0.0368382877829, 1.0
-1, 0.00859636088035, 1.0
-1, 0.00171638494183, 1.0
-1, 0.000983404826557, 1.0
-1, 0.00231450426338, 1.0
-1, 0.00177273378875, 1.0
-1, 0.00110999838068, 1.0
-1, 0.00332098076807, 1.0
-1, 0.00584372642292, 0.0
1, 1.0, 1.0
-1, 0.0368382877829, 1.0
-1, 0.00859636088035, 1.0
-1, 0.00171638494183, 1.0
-1, 0.000983404826557, 1.0
-1, 0.00231450426338, 1.0
-1, 0.00177273378875, 1.0
-1, 0.00110999838068, 1.0
-1, 0.00332098076807, 1.0
-1, 0.00584372642292, 0.0
1, 1.0, 1.0
-1, 0.0368382877829, 1.0
-1, 0.00859636088035, 1.0
-1, 0.00171638494183, 1.0
-1, 0.000983404826557, 1.0
-1, 0.00231450426338, 1.0
-1, 0.00177273378875, 1.0
-1, 0.00110999838068, 1.0
-1, 0.00332098076807, 1.0
-1, 0.00584372642292, 0.0
1, 1.0, 1.0
-1, 0.0368382877829, 1.0
-1, 0.00859636088035, 1.0
-1, 0.00171638494183, 1.0
-1, 0.000983404826557, 1.0
-1, 0.00231450426338, 1.0
-1, 0.00177273378875, 1.0
-1, 0.00110999838068, 1.0
-1, 0.00332098076807, 1.0
-1, 0.00584372642292, 0.0
1, 1.0, 1.0
-1, 0.0368382877829, 1.0
-1, 0.00859636088035, 1.0
-1, 0.00171638494183, 1.0
-1, 0.000983404826557, 1.0
-1, 0.00231450426338, 1.0
-1, 0.00177273378875, 1.0
-1, 0.00110999838068, 1.0
-1, 0.00332098076807, 1.0
-1, 0.00584372642292, 0.0
1, 1.0, 1.0
-1, 0.0368382877829, 1.0
-1, 0.00859636088035, 1.0
-1, 0.00171638494183, 1.0
-1, 0.000983404826557, 1.0
-1, 0.00231450426338, 1.0
-1, 0.00177273378875, 1.0
-1, 0.00110999838068, 1.0
-1, 0.00332098076807, 1.0
-1, 0.00584372642292, 0.0
1, 1.0, 1.0
-1, 0.0368382877829, 1.0
-1, 0.00859636088035, 1.0
-1, 0.00171638494183, 1.0
-1, 0.000983404826557, 1.0
-1, 0.00231450426338, 1.0
-1, 0.00177273378875, 1.0
-1, 0.00110999838068, 1.0
-1, 0.00332098076807, 1.0
-1, 0.00584372642292, 0.0
1, 1.0, 1.0
-1, 0.0368382877829, 1.0
-1, 0.00859636088035, 1.0
-1, 0.00171638494183, 1.0
-1, 0.000983404826557, 1.0
-1, 0.00232962243011, 1.0
-1, 0.0017815891583, 1.0
-1, 0.00111346378608, 1.0
-1, 0.00335219489756, 1.0
-1, 0.00594107064959, 0.0
1, 0.527070644004, 1.0
-1, 0.0410815717207, 1.0
-1, 0.00880867597938, 1.0
-1, 0.00172468497988, 1.0
-1, 0.000986123890509, 1.0
-1, 0.00230433573837, 1.0
-1, 0.00176676239237, 1.0
-1, 0.00110765425574, 1.0
-1, 0.00330008561396, 1.0
-1, 0.00577933588643, 0.0
1, 1.0, 1.0
-1, 0.0396210744692, 1.0
-1, 0.00873959956338, 1.0
-1, 0.00172202011202, 1.0
-1, 0.0009852521113, 1.0
-1, 0.00230433573837, 1.0
-1, 0.00176676239237, 1.0
-1, 0.00110765425574, 1.0
-1, 0.00330008561396, 1.0
-1, 0.00577933588643, 0.0
1, 1.0, 1.0
-1, 0.0396210744692, 1.0
-1, 0.00873959956338, 1.0
-1, 0.00172202011202, 1.0
-1, 0.0009852521113, 1.0
-1, 0.00230433573837, 1.0
-1, 0.00176676239237, 1.0
-1, 0.00110765425574, 1.0
-1, 0.00330008561396, 1.0
-1, 0.00577933588643, 0.0
1, 1.0, 1.0
-1, 0.0396210744692, 1.0
-1, 0.00873959956338, 1.0
-1, 0.00172202011202, 1.0
-1, 0.0009852521113, 1.0
-1, 0.00230433573837, 1.0
-1, 0.00176676239237, 1.0
-1, 0.00110765425574, 1.0
-1, 0.00330008561396, 1.0
-1, 0.00577933588643, 0.0
1, 1.0, 1.0
-1, 0.0396210744692, 1.0
-1, 0.00873959956338, 1.0
-1, 0.00172202011202, 1.0
-1, 0.0009852521113, 1.0
-1, 0.00230433573837, 1.0
-1, 0.00176676239237, 1.0
-1, 0.00110765425574, 1.0
-1, 0.00330008561396, 1.0
-1, 0.00577933588643, 0.0
1, 1.0, 1.0
-1, 0.0396210744692, 1.0
-1, 0.00873959956338, 1.0
-1, 0.00172202011202, 1.0
-1, 0.0009852521113, 1.0
-1, 0.00230433573837, 1.0
-1, 0.00176676239237, 1.0
-1, 0.00110765425574, 1.0
-1, 0.00330008561396, 1.0
-1, 0.00577933588643, 0.0
1, 1.0, 1.0
-1, 0.0396210744692, 1.0
-1, 0.00873959956338, 1.0
-1, 0.00172202011202, 1.0
-1, 0.0009852521113, 1.0
-1, 0.00230433573837, 1.0
-1, 0.00176676239237, 1.0
-1, 0.00110765425574, 1.0
-1, 0.00330008561396, 1.0
-1, 0.00577933588643, 0.0
1, 1.0, 1.0
-1, 0.0396210744692, 1.0
-1, 0.00873959956338, 1.0
-1, 0.00172202011202, 1.0
-1, 0.0009852521113, 1.0
-1, 0.00230433573837, 1.0
-1, 0.00176676239237, 1.0
-1, 0.00110765425574, 1.0
-1, 0.00330008561396, 1.0
-1, 0.00577933588643, 0.0
1, 1.0, 1.0
-1, 0.0396210744692, 1.0
-1, 0.00873959956338, 1.0
-1, 0.00172202011202, 1.0
-1, 0.0009852521113, 1.0
-1, 0.00231180404767, 1.0
-1, 0.00177114930353, 1.0
-1, 0.00110937695267, 1.0
-1, 0.00331542435981, 1.0
-1, 0.00582654376333, 0.0
1, 0.690302939876, 1.0
-1, 0.041951295663, 1.0
-1, 0.00884800786861, 1.0
-1, 0.00172618738238, 1.0
-1, 0.000986614874991, 1.0
-1, 0.00230672046228, 1.0
-1, 0.00176816390827, 1.0
-1, 0.00110820496421, 1.0
-1, 0.00330497879978, 1.0
-1, 0.00579435971947, 0.0
1, 0.690302939876, 1.0
-1, 0.0436988870691, 1.0
-1, 0.00892327298488, 1.0
-1, 0.0017290325978, 1.0
-1, 0.00098754368743, 1.0
-1, 0.00230433573837, 1.0
-1, 0.00176676239237, 1.0
-1, 0.00110765425574, 1.0
-1, 0.00330008561396, 1.0
-1, 0.00577933588643, 0.0
1, 1.0, 1.0
-1, 0.0396210744692, 1.0
-1, 0.00873959956338, 1.0
-1, 0.00172202011202, 1.0
-1, 0.0009852521113, 1.0
-1, 0.00230433573837, 1.0
-1, 0.00176676239237, 1.0
-1, 0.00110765425574, 1.0
-1, 0.00330008561396, 1.0
-1, 0.00577933588643, 0.0
1, 1.0, 1.0
-1, 0.0396210744692, 1.0
-1, 0.00873959956338, 1.0
-1, 0.00172202011202, 1.0
-1, 0.0009852521113, 1.0
-1, 0.00230433573837, 1.0
-1, 0.00176676239237, 1.0
-1, 0.00110765425574, 1.0
-1, 0.00330008561396, 1.0
-1, 0.00577933588643, 0.0
1, 1.0, 1.0
-1, 0.0396210744692, 1.0
-1, 0.00873959956338, 1.0
-1, 0.00172202011202, 1.0
-1, 0.0009852521113, 1.0
-1, 0.00230433573837, 1.0
-1, 0.00176676239237, 1.0
-1, 0.00110765425574, 1.0
-1, 0.00330008561396, 1.0
-1, 0.00577933588643, 0.0
1, 1.0, 1.0
-1, 0.0396210744692, 1.0
-1, 0.00873959956338, 1.0
-1, 0.00172202011202, 1.0
-1, 0.0009852521113, 1.0
-1, 0.00230433573837, 1.0
-1, 0.00176676239237, 1.0
-1, 0.00110765425574, 1.0
-1, 0.00330008561396, 1.0
-1, 0.00577933588643, 0.0
1, 1.0, 1.0
-1, 0.0396210744692, 1.0
-1, 0.00873959956338, 1.0
-1, 0.00172202011202, 1.0
-1, 0.0009852521113, 1.0
-1, 0.00230433573837, 1.0
-1, 0.00176676239237, 1.0
-1, 0.00110765425574, 1.0
-1, 0.00330008561396, 1.0
-1, 0.00577933588643, 0.0
1, 1.0, 1.0
-1, 0.0396210744692, 1.0
-1, 0.00873959956338, 1.0
-1, 0.00172202011202, 1.0
-1, 0.0009852521113, 1.0
-1, 0.00230433573837, 1.0
-1, 0.00176676239237, 1.0
-1, 0.00110765425574, 1.0
-1, 0.00330008561396, 1.0
-1, 0.00577933588643, 0.0
1, 1.0, 1.0
-1, 0.0396210744692, 1.0
-1, 0.00873959956338, 1.0
-1, 0.00172202011202, 1.0
-1, 0.0009852521113, 1.0
-1, 0.00230433573837, 1.0
-1, 0.00176676239237, 1.0
-1, 0.00110765425574, 1.0
-1, 0.00330008561396, 1.0
-1, 0.00577933588643, 0.0
1, 1.0, 1.0
-1, 0.0396210744692, 1.0
-1, 0.00873959956338, 1.0
-1, 0.00172202011202, 1.0
-1, 0.0009852521113, 1.0
-1, 0.00230433573837, 1.0
-1, 0.00176676239237, 1.0
-1, 0.00110765425574, 1.0
-1, 0.00330008561396, 1.0
-1, 0.00577933588643, 0.0
1, 1.0, 1.0
-1, 0.0396210744692, 1.0
-1, 0.00873959956338, 1.0
-1, 0.00172202011202, 1.0
-1, 0.0009852521113, 1.0
-1, 0.00230433573837, 1.0
-1, 0.00176676239237, 1.0
-1, 0.00110765425574, 1.0
-1, 0.00330008561396, 1.0
-1, 0.00577933588643, 0.0
1, 1.0, 1.0
-1, 0.0396210744692, 1.0
-1, 0.00873959956338, 1.0
-1, 0.00172202011202, 1.0
-1, 0.0009852521113, 1.0
-1, 0.00230433573837, 1.0
-1, 0.00176676239237, 1.0
-1, 0.00110765425574, 1.0
-1, 0.00330008561396, 1.0
-1, 0.00577933588643, 0.0
1, 1.0, 1.0
-1, 0.0396210744692, 1.0
-1, 0.00873959956338, 1.0
-1, 0.00172202011202, 1.0
-1, 0.0009852521113, 1.0
-1, 0.00230433573837, 1.0
-1, 0.00176676239237, 1.0
-1, 0.00110765425574, 1.0
-1, 0.00330008561396, 1.0
-1, 0.00577933588643, 0.0
1, 1.0, 1.0
-1, 0.0396210744692, 1.0
-1, 0.00873959956338, 1.0
-1, 0.00172202011202, 1.0
-1, 0.0009852521113, 1.0
-1, 0.00230433573837, 1.0
-1, 0.00176676239237, 1.0
-1, 0.00110765425574, 1.0
-1, 0.00330008561396, 1.0
-1, 0.00577933588643, 0.0
1, 1.0, 1.0
-1, 0.0396210744692, 1.0
-1, 0.00873959956338, 1.0
-1, 0.00172202011202, 1.0
-1, 0.0009852521113, 1.0
-1, 0.00230433573837, 1.0
-1, 0.00176676239237, 1.0
-1, 0.00110765425574, 1.0
-1, 0.00330008561396, 1.0
-1, 0.00577933588643, 0.0
1, 1.0, 1.0
-1, 0.0396210744692, 1.0
-1, 0.00873959956338, 1.0
-1, 0.00172202011202, 1.0
-1, 0.0009852521113, 1.0
-1, 0.00230433573837, 1.0
-1, 0.00176676239237, 1.0
-1, 0.00110765425574, 1.0
-1, 0.00330008561396, 1.0
-1, 0.00577933588643, 0.0
1, 1.0, 1.0
-1, 0.0396210744692, 1.0
-1, 0.00873959956338, 1.0
-1, 0.00172202011202, 1.0
-1, 0.0009852521113, 1.0
-1, 0.00230433573837, 1.0
-1, 0.00176676239237, 1.0
-1, 0.00110765425574, 1.0
-1, 0.00330008561396, 1.0
-1, 0.00577933588643, 0.0
1, 1.0, 1.0
-1, 0.0396210744692, 1.0
-1, 0.00873959956338, 1.0
-1, 0.00172202011202, 1.0
-1, 0.0009852521113, 1.0
-1, 0.00230433573837, 1.0
-1, 0.00176676239237, 1.0
-1, 0.00110765425574, 1.0
-1, 0.00330008561396, 1.0
-1, 0.00577933588643, 0.0
1, 1.0, 1.0
-1, 0.0396210744692, 1.0
-1, 0.00873959956338, 1.0
-1, 0.00172202011202, 1.0
-1, 0.0009852521113, 1.0
-1, 0.00230433573837, 1.0
-1, 0.00176676239237, 1.0
-1, 0.00110765425574, 1.0
-1, 0.00330008561396, 1.0
-1, 0.00577933588643, 0.0
1, 1.0, 1.0
-1, 0.0396210744692, 1.0
-1, 0.00873959956338, 1.0
-1, 0.00172202011202, 1.0
-1, 0.0009852521113, 1.0
-1, 0.00230433573837, 1.0
-1, 0.00176676239237, 1.0
-1, 0.00110765425574, 1.0
-1, 0.00330008561396, 1.0
-1, 0.00577933588643, 0.0
1, 1.0, 1.0
-1, 0.0396210744692, 1.0
-1, 0.00873959956338, 1.0
-1, 0.00172202011202, 1.0
-1, 0.0009852521113, 1.0
-1, 0.00230433573837, 1.0
-1, 0.00176676239237, 1.0
-1, 0.00110765425574, 1.0
-1, 0.00330008561396, 1.0
-1, 0.00577933588643, 0.0
1, 1.0, 1.0
-1, 0.0396210744692, 1.0
-1, 0.00873959956338, 1.0
-1, 0.00172202011202, 1.0
-1, 0.0009852521113, 1.0
-1, 0.00230433573837, 1.0
-1, 0.00176676239237, 1.0
-1, 0.00110765425574, 1.0
-1, 0.00330008561396, 1.0
-1, 0.00577933588643, 0.0
1, 1.0, 1.0
-1, 0.0396210744692, 1.0
-1, 0.00873959956338, 1.0
-1, 0.00172202011202, 1.0
-1, 0.0009852521113, 1.0
-1, 0.00230433573837, 1.0
-1, 0.00176676239237, 1.0
-1, 0.00110765425574, 1.0
-1, 0.00330008561396, 1.0
-1, 0.00577933588643, 0.0
1, 1.0, 1.0
-1, 0.0396210744692, 1.0
-1, 0.00873959956338, 1.0
-1, 0.00172202011202, 1.0
-1, 0.0009852521113, 1.0
-1, 0.00230433573837, 1.0
-1, 0.00176676239237, 1.0
-1, 0.00110765425574, 1.0
-1, 0.00330008561396, 1.0
-1, 0.00577933588643, 0.0
1, 1.0, 1.0
-1, 0.0396210744692, 1.0
-1, 0.00873959956338, 1.0
-1, 0.00172202011202, 1.0
-1, 0.0009852521113, 1.0
-1, 0.00230433573837, 1.0
-1, 0.00176676239237, 1.0
-1, 0.00110765425574, 1.0
-1, 0.00330008561396, 1.0
-1, 0.00577933588643, 0.0
1, 1.0, 1.0
-1, 0.0396210744692, 1.0
-1, 0.00873959956338, 1.0
-1, 0.00172202011202, 1.0
-1, 0.0009852521113, 1.0
-1, 0.00230433573837, 1.0
-1, 0.00176676239237, 1.0
-1, 0.00110765425574, 1.0
-1, 0.00330008561396, 1.0
-1, 0.00577933588643, 0.0
1, 1.0, 1.0
-1, 0.0396210744692, 1.0
-1, 0.00873959956338, 1.0
-1, 0.00172202011202, 1.0
-1, 0.0009852521113, 1.0
-1, 0.00231180404767, 1.0
-1, 0.00177114930353, 1.0
-1, 0.00110937695267, 1.0
-1, 0.00331542435981, 1.0
-1, 0.00582654376333, 0.0
1, 0.690302939876, 1.0
-1, 0.041951295663, 1.0
-1, 0.00884800786861, 1.0
-1, 0.00172618738238, 1.0
-1, 0.000986614874991, 1.0
-1, 0.00230672046138, 1.0
-1, 0.00176816390774, 1.0
-1, 0.001108204964, 1.0
-1, 0.00330497879794, 1.0
-1, 0.00579435971381, 0.0
1, 0.690302966521, 1.0
-1, 0.0436988867472, 1.0
-1, 0.00892327297146, 1.0
-1, 0.0017290325973, 1.0
-1, 0.000987543687266, 1.0
-1, 0.00230911012284, 1.0
-1, 0.00176956764696, 1.0
-1, 0.00110875621957, 1.0
-1, 0.00330988650899, 1.0
-1, 0.00580946184015, 0.0
1, 0.527070777396, 1.0
-1, 0.0487123769956, 1.0
-1, 0.00911483229918, 1.0
-1, 0.00173610242711, 1.0
-1, 0.000989845947254, 1.0
-1, 0.00648483301066, 1.0
-1, 0.00234809173532, 1.0
-1, 0.00179237081167, 1.0
-1, 0.00111766561142, 1.0
-1, 0.00339057024467, 1.0
-1, 0.00606268352472, 0.0
1, 0.532525559644, 1.0
-1, 0.104975972079, 1.0
-1, 0.0101308279748, 1.0
-1, 0.00176991085446, 1.0
-1, 0.00601920416341, 1.0
-1, 0.00224924301652, 1.0
-1, 0.00173419461747, 1.0
-1, 0.00109476472615, 1.0
-1, 0.00318824769497, 1.0
-1, 0.00544485133089, 0.0
1, 0.426272612495, 1.0
-1, 0.16134091409, 1.0
-1, 0.0104843030613, 1.0
-1, 0.0017803976469, 1.0
-1, 0.0139344123744, 1.0
-1, 0.162812171326, 1.0
-1, 0.00839011768527, 1.0
-1, 0.0124801056036, 1.0
-1, 0.0625164291161, 1.0
-1, 0.103252211567, 1.0
1, 0.690303224448, 1.0
-1, 0.162812171326, 1.0
-1, 0.000847136202665, 1.0
-1, 0.000857279481611, 1.0
-1, 0.0158013441486, 1.0
-1, 0.191468627711, 1.0
-1, 0.00900735229236, 1.0
-1, 0.0139465349127, 1.0
-1, 0.0147249223096, 1.0
-1, 0.0250942726873, 1.0
-1, 0.138439153753, 1.0
1, 0.14084910435, 1.0
-1, 0.131460009233, 1.0
-1, 0.000852522774453, 1.0
-1, 0.00150441828086, 1.0
-1, 0.0220607116445, 1.0
-1, 0.059569191969, 1.0
1, 0.824426450556, 1.0
-1, 0.0532781048509, 1.0
-1, 0.00227145013297, 1.0
-1, 0.0532781048509, 1.0
-1, 0.0091192167073, 1.0
-1, 0.0605002968111, 1.0
-1, 0.00130288350955, 1.0
-1, 0.0308368699168, 1.0
-1, 0.260069043276, 1.0
1, 0.781086406762, 1.0
-1, 0.185128042156, 0.0
-1, 0.0531497091851, 1.0
1, 0.930850887793, 1.0
-1, 0.0845511310975, 1.0
-1, 0.0572118315293, 0.0
-1, 0.202445752821, 1.0
1, 0.999913715527, 1.0
-1, 0.239193583681, 0.0
-1, 0.0319363305388, 1.0
-1, 0.00210293968408, 1.0
-1, 0.00440321092406, 1.0
-1, 0.0812513326098, 1.0
-1, 0.0209162434553, 1.0
-1, 0.00329800517739, 1.0
-1, 0.00255137174719, 1.0
1, 0.947807759348, 1.0
-1, 0.0812513326098, 1.0
-1, 0.104987748374, 1.0
-1, 0.00425128848678, 1.0
-1, 0.00215674455881, 1.0
-1, 0.00466483213988, 1.0
1, 0.992095031609, 1.0
-1, 0.0287928164254, 1.0
-1, 0.00344206255249, 1.0
-1, 0.00263650815034, 1.0
-1, 0.358608200658, 1.0
-1, 0.928282971844, 1.0
-1, 0.176443998581, 0.0
-1, 0.00445786990299, 1.0
-1, 0.00221413862547, 1.0
-1, 0.0049626270358, 1.0
1, 0.96737520548, 1.0
-1, 0.0463538592963, 1.0
-1, 0.00360106072129, 1.0
-1, 0.00272860680045, 1.0
-1, 0.0809236104971, 0.0
-1, 0.510850353426, 0.0
-1, 0.10531414177, 1.0
-1, 0.00468580924822, 1.0
-1, 0.00226859370675, 1.0
-1, 0.00526641128333, 1.0
1, 0.909884598103, 1.0
-1, 0.103018862835, 1.0
-1, 0.00375801635407, 1.0
-1, 0.00281764354181, 1.0
-1, 0.0736055524216, 1.0
-1, 0.63031249404, 0.0
-1, 0.00490720879553, 1.0
-1, 0.00294106425857, 1.0
-1, 0.00238712782231, 1.0
-1, 0.00597838891666, 1.0
-1, 0.120258476489, 0.0
1, 0.830737796442, 1.0
-1, 0.004106756895, 1.0
-1, 0.0030091409938, 1.0
-1, 0.545378072738, 1.0
-1, 0.0659924589378, 1.0
-1, 0.0054597674933, 1.0
-1, 0.00314083618422, 1.0
-1, 0.00244916342685, 1.0
-1, 0.00642245223735, 1.0
-1, 0.150908608449, 1.0
1, 0.9821721609, 1.0
-1, 0.00431138228649, 1.0
-1, 0.00311750735806, 1.0
-1, 0.109140929705, 1.0
-1, 0.00405612505998, 1.0
-1, 0.00571525067465, 1.0
-1, 0.00324435146127, 1.0
-1, 0.00252396585457, 1.0
-1, 0.00698003753176, 1.0
-1, 0.00425705327738, 1.0
1, 0.857228904387, 1.0
-1, 0.00230967978653, 1.0
-1, 0.00455567056736, 1.0
-1, 0.00324325832461, 1.0
-1, 0.0907959839713, 1.0
-1, 0.00609315838706, 1.0
-1, 0.00337454705754, 1.0
-1, 0.0314513390999, 1.0
-1, 0.00827916745632, 1.0
-1, 0.0604053970376, 0.0
1, 0.867301906038, 1.0
-1, 0.00274438792869, 1.0
-1, 0.00243616654405, 1.0
-1, 0.00507546814929, 1.0
-1, 0.00349832010197, 1.0
-1, 0.0498797616925, 1.0
-1, 0.00916901861475, 1.0
-1, 0.020073393635, 0.0
1, 0.980217896289, 1.0
-1, 0.00283563622217, 1.0
-1, 0.0025077922791, 1.0
-1, 0.00539659320846, 1.0
-1, 0.00364795076715, 1.0
1, 0.745780625625, 1.0
-1, 0.0116088607748, 1.0
-1, 0.0197481565708, 0.0
-1, 0.204463362658, 1.0
-1, 0.00303280330273, 1.0
-1, 0.00266076840401, 1.0
-1, 0.00615849445188, 1.0
-1, 0.0039808839072, 1.0
1, 0.999081903229, 1.0
-1, 0.0134499652108, 1.0
-1, 0.0117074088021, 1.0
-1, 0.121364190904, 0.0
-1, 0.00314542649729, 1.0
-1, 0.00274705447637, 1.0
-1, 0.00664115389894, 1.0
-1, 0.00417718074634, 1.0
1, 0.999081912411, 1.0
-1, 0.0159056016774, 1.0
-1, 0.0103228493646, 1.0
-1, 0.190874648357, 0.0
-1, 0.00326322231642, 1.0
-1, 0.00283647983973, 1.0
-1, 0.00718914812925, 1.0
-1, 0.00438752173939, 1.0
1, 0.912363640641, 1.0
-1, 0.0196186469902, 1.0
-1, 0.00926672979233, 1.0
-1, 0.0613593723767, 0.0
-1, 0.00339501995729, 1.0
-1, 0.00293553964907, 1.0
-1, 0.00786159277862, 1.0
-1, 0.00462915470396, 1.0
1, 0.937774694903, 1.0
-1, 0.0250953046587, 1.0
-1, 0.00830690910814, 1.0
-1, 0.03474469803, 0.0
-1, 0.00352823209175, 1.0
-1, 0.0030346113428, 1.0
-1, 0.00861487589706, 1.0
-1, 0.00488041264501, 1.0
1, 0.481525975213, 1.0
-1, 0.0259655717695, 1.0
-1, 0.00707507758537, 1.0
-1, 0.0200993473045, 0.0
-1, 0.00354490028302, 1.0
-1, 0.0030469373944, 1.0
-1, 0.00871502722866, 1.0
-1, 0.00491237209685, 1.0
1, 1.0, 1.0
-1, 0.02525937176, 1.0
-1, 0.00698968447555, 1.0
-1, 0.0194250385589, 0.0
-1, 0.00353142009852, 1.0
-1, 0.00303697320741, 1.0
-1, 0.00863400408621, 1.0
-1, 0.00488652394417, 1.0
1, 0.937774658991, 1.0
-1, 0.0352492606808, 1.0
-1, 0.00758448563526, 1.0
-1, 0.0248385049248, 0.0
-1, 0.00367711512041, 1.0
-1, 0.0031441069746, 1.0
-1, 0.00956011610063, 1.0
-1, 0.00516997396223, 1.0
1, 1.0, 1.0
-1, 0.0351670072132, 1.0
-1, 0.00648460951794, 1.0
-1, 0.0159659039332, 0.0
-1, 0.0036761760498, 1.0
-1, 0.00314342496911, 1.0
-1, 0.00955387610352, 1.0
-1, 0.00516812654534, 1.0
1, 1.0, 1.0
-1, 0.0351670072132, 1.0
-1, 0.00648460951794, 1.0
-1, 0.0159659039332, 0.0
-1, 0.0036761760498, 1.0
-1, 0.00314342496911, 1.0
-1, 0.00955387610352, 1.0
-1, 0.00516812654534, 1.0
1, 1.0, 1.0
-1, 0.0351670072132, 1.0
-1, 0.00648460951794, 1.0
-1, 0.0159659039332, 0.0
-1, 0.0036761760498, 1.0
-1, 0.00314342496911, 1.0
-1, 0.00955387610352, 1.0
-1, 0.00516812654534, 1.0
1, 1.0, 1.0
-1, 0.0351670072132, 1.0
-1, 0.00648460951794, 1.0
-1, 0.0159659039332, 0.0
-1, 0.0036761760498, 1.0
-1, 0.00314342496911, 1.0
-1, 0.00955387610352, 1.0
-1, 0.00516812654534, 1.0
1, 1.0, 1.0
-1, 0.0351670072132, 1.0
-1, 0.00648460951794, 1.0
-1, 0.0159659039332, 0.0
-1, 0.0036761760498, 1.0
-1, 0.00314342496911, 1.0
-1, 0.00955387610352, 1.0
-1, 0.00516812654534, 1.0
1, 1.0, 1.0
-1, 0.0351670072132, 1.0
-1, 0.00648460951794, 1.0
-1, 0.0159659039332, 0.0
-1, 0.0036761760498, 1.0
-1, 0.00314342496911, 1.0
-1, 0.00955387610352, 1.0
-1, 0.00516812654534, 1.0
1, 1.0, 1.0
-1, 0.0351670072132, 1.0
-1, 0.00648460951794, 1.0
-1, 0.0159659039332, 0.0
-1, 0.0036761760498, 1.0
-1, 0.00314342496911, 1.0
-1, 0.00955387610352, 1.0
-1, 0.00516812654534, 1.0
1, 1.0, 1.0
-1, 0.0351670072132, 1.0
-1, 0.00648460951794, 1.0
-1, 0.0159659039332, 0.0
-1, 0.0036761760498, 1.0
-1, 0.00314342496911, 1.0
-1, 0.00955387610352, 1.0
-1, 0.00516812654534, 1.0
1, 1.0, 1.0
-1, 0.0351670072132, 1.0
-1, 0.00648460951794, 1.0
-1, 0.0159659039332, 0.0
-1, 0.0036761760498, 1.0
-1, 0.00314342496911, 1.0
-1, 0.00955387610352, 1.0
-1, 0.00516812654534, 1.0
1, 1.0, 1.0
-1, 0.0351670072132, 1.0
-1, 0.00648460951794, 1.0
-1, 0.0159659039332, 0.0
-1, 0.0036761760498, 1.0
-1, 0.00314342496911, 1.0
-1, 0.00955387610352, 1.0
-1, 0.00516812654534, 1.0
1, 1.0, 1.0
-1, 0.0351670072132, 1.0
-1, 0.00648460951794, 1.0
-1, 0.0159659039332, 0.0
-1, 0.0036761760498, 1.0
-1, 0.00314342496911, 1.0
-1, 0.00955387610352, 1.0
-1, 0.00516812654534, 1.0
1, 1.0, 1.0
-1, 0.0351670072132, 1.0
-1, 0.00648460951794, 1.0
-1, 0.0159659039332, 0.0
-1, 0.0036761760498, 1.0
-1, 0.00314342496911, 1.0
-1, 0.00955387610352, 1.0
-1, 0.00516812654534, 1.0
1, 1.0, 1.0
-1, 0.0351670072132, 1.0
-1, 0.00648460951794, 1.0
-1, 0.0159659039332, 0.0
-1, 0.0036761760498, 1.0
-1, 0.00314342496911, 1.0
-1, 0.00955387610352, 1.0
-1, 0.00516812654534, 1.0
1, 1.0, 1.0
-1, 0.0351670072132, 1.0
-1, 0.00648460951794, 1.0
-1, 0.0159659039332, 0.0
-1, 0.0036761760498, 1.0
-1, 0.00314342496911, 1.0
-1, 0.00955387610352, 1.0
-1, 0.00516812654534, 1.0
1, 1.0, 1.0
-1, 0.0351670072132, 1.0
-1, 0.00648460951794, 1.0
-1, 0.0159659039332, 0.0
-1, 0.0036761760498, 1.0
-1, 0.00314342496911, 1.0
-1, 0.00955387610352, 1.0
-1, 0.00516812654534, 1.0
1, 1.0, 1.0
-1, 0.0351670072132, 1.0
-1, 0.00648460951794, 1.0
-1, 0.0159659039332, 0.0
-1, 0.0036761760498, 1.0
-1, 0.00314342496911, 1.0
-1, 0.00955387610352, 1.0
-1, 0.00516812654534, 1.0
1, 0.481526040782, 1.0
-1, 0.0369906843918, 1.0
-1, 0.00654410089231, 1.0
-1, 0.0163314468388, 0.0
-1, 0.003695219989, 1.0
-1, 0.00315733872763, 1.0
-1, 0.00968357476717, 1.0
-1, 0.00520584418356, 1.0
1, 1.0, 1.0
-1, 0.0355738144973, 1.0
-1, 0.00647097597942, 1.0
-1, 0.0158834405841, 0.0
-1, 0.00368057458765, 1.0
-1, 0.00314664059935, 1.0
-1, 0.00958364399975, 1.0
-1, 0.0051768242444, 1.0
1, 0.481526040782, 1.0
-1, 0.0374410479445, 1.0
-1, 0.00653021631935, 1.0
-1, 0.0162451744319, 0.0
-1, 0.0036996642445, 1.0
-1, 0.00316058290228, 1.0
-1, 0.00971415767134, 1.0
-1, 0.00521466940808, 1.0
1, 1.0, 1.0
-1, 0.0351670072132, 1.0
-1, 0.00648460951794, 1.0
-1, 0.0159659039332, 0.0
-1, 0.0036761760498, 1.0
-1, 0.00314342496911, 1.0
-1, 0.00955387610352, 1.0
-1, 0.00516812654534, 1.0
1, 1.0, 1.0
-1, 0.0351670072132, 1.0
-1, 0.00648460951794, 1.0
-1, 0.0159659039332, 0.0
-1, 0.0036761760498, 1.0
-1, 0.00314342496911, 1.0
-1, 0.00955387610352, 1.0
-1, 0.00516812654534, 1.0
1, 0.481526040782, 1.0
-1, 0.0369906843918, 1.0
-1, 0.00654410089231, 1.0
-1, 0.0163314468388, 0.0
-1, 0.003695219989, 1.0
-1, 0.00315733872763, 1.0
-1, 0.00968357476717, 1.0
-1, 0.00520584418356, 1.0
1, 0.481526040782, 1.0
-1, 0.0374410479445, 1.0
-1, 0.00653021631935, 1.0
-1, 0.0162451744319, 0.0
-1, 0.0036996642445, 1.0
-1, 0.00316058290228, 1.0
-1, 0.00971415767134, 1.0
-1, 0.00521466940808, 1.0
1, 1.0, 1.0
-1, 0.0351670072132, 1.0
-1, 0.00648460951794, 1.0
-1, 0.0159659039332, 0.0
-1, 0.0036761760498, 1.0
-1, 0.00314342496911, 1.0
-1, 0.00955387610352, 1.0
-1, 0.00516812654534, 1.0
1, 0.481526040782, 1.0
-1, 0.0369906843918, 1.0
-1, 0.00654410089231, 1.0
-1, 0.0163314468388, 0.0
-1, 0.003695219989, 1.0
-1, 0.00315733872763, 1.0
-1, 0.00968357476717, 1.0
-1, 0.00520584418356, 1.0
1, 1.0, 1.0
-1, 0.0355738144973, 1.0
-1, 0.00647097597942, 1.0
-1, 0.0158834405841, 0.0
-1, 0.00368057458765, 1.0
-1, 0.00314664059935, 1.0
-1, 0.00958364399975, 1.0
-1, 0.0051768242444, 1.0
1, 0.481526040782, 1.0
-1, 0.0374410479445, 1.0
-1, 0.00653021631935, 1.0
-1, 0.0162451744319, 0.0
-1, 0.0036996642445, 1.0
-1, 0.00316058290228, 1.0
-1, 0.00971415767134, 1.0
-1, 0.00521466940808, 1.0
1, 1.0, 1.0
-1, 0.0351670072132, 1.0
-1, 0.00648460951794, 1.0
-1, 0.0159659039332, 0.0
-1, 0.0036761760498, 1.0
-1, 0.00314342496911, 1.0
-1, 0.00955387610352, 1.0
-1, 0.00516812654534, 1.0
1, 0.481526040782, 1.0
-1, 0.0369906843918, 1.0
-1, 0.00654410089231, 1.0
-1, 0.0163314468388, 0.0
-1, 0.003695219989, 1.0
-1, 0.00315733872763, 1.0
-1, 0.00968357476717, 1.0
-1, 0.00520584418356, 1.0
1, 0.937774624895, 1.0
-1, 0.0592042223205, 1.0
-1, 0.00697757255387, 1.0
-1, 0.0193278641052, 0.0
-1, 0.00383911304334, 1.0
-1, 0.00326179812386, 1.0
-1, 0.0107383050314, 1.0
-1, 0.00549605333394, 1.0
-1, 0.0578215805449, 1.0
-1, 0.0592042223205, 1.0
1, 0.481526108409, 1.0
-1, 0.0642874659657, 1.0
-1, 0.00608720453519, 1.0
-1, 0.0137532163704, 0.0
-1, 0.00385884846795, 1.0
-1, 0.00327603910746, 1.0
-1, 0.0108942589909, 1.0
-1, 0.00553659793276, 1.0
-1, 0.0629885071567, 1.0
-1, 0.0642874659657, 1.0
1, 0.481526140763, 1.0
-1, 0.0656600857975, 1.0
-1, 0.00607518791991, 1.0
-1, 0.0136919822338, 0.0
-1, 0.00386369515734, 1.0
-1, 0.00327953186344, 1.0
-1, 0.0109329804082, 1.0
-1, 0.00554658092493, 1.0
-1, 0.0651937836362, 1.0
-1, 0.0656600857975, 1.0
1, 1.0, 1.0
-1, 0.0613245496698, 1.0
-1, 0.00601211514173, 1.0
-1, 0.0133756838435, 0.0
-1, 0.00384768663343, 1.0
-1, 0.00326799109901, 1.0
-1, 0.0108057667166, 1.0
-1, 0.00551364946878, 1.0
-1, 0.0609105692206, 1.0
-1, 0.0613245496698, 1.0
1, 0.999081967105, 1.0
-1, 0.207165330553, 1.0
-1, 0.202589370512, 1.0
-1, 0.207165330553, 1.0
-1, 0.00402549257128, 1.0
-1, 0.00339536939376, 1.0
-1, 0.0123359993575, 1.0
-1, 0.00588621512528, 1.0
-1, 0.00645781271697, 1.0
-1, 0.0158020541114, 0.0
-1, 0.48152624228, 1.0
-1, 0.291879417491, 1.0
-1, 0.290559020755, 1.0
1, 0.291879417491, 1.0
-1, 0.00341156101467, 1.0
-1, 0.0125524296324, 1.0
-1, 0.00593502952947, 1.0
-1, 0.00566894116721, 1.0
-1, 0.0117869867043, 0.0
-1, 0.0110615293566, 1.0
-1, 0.0133455897292, 1.0
-1, 0.155728415854, 0.0
-1, 0.0560979218013, 0.0
1, 0.310637089137, 1.0
-1, 0.003651367197, 1.0
-1, 0.0165521472526, 1.0
-1, 0.0560979218013, 0.0
-1, 0.00670059584057, 1.0
-1, 0.00606791273841, 1.0
-1, 0.0136531364864, 1.0
-1, 0.014547809389, 1.0
-1, 0.138978810515, 0.0
1, 0.802399787307, 1.0
-1, 0.014796570754, 1.0
-1, 0.04470261833, 0.0
1, 0.960574587862, 1.0
-1, 0.0191558710881, 1.0
-1, 0.102966795773, 0.0
1, 0.688952475198, 1.0
-1, 0.0212552584984, 1.0
-1, 0.0289899742624, 0.0
1, 0.858978131689, 1.0
-1, 0.028906550809, 1.0
-1, 0.0303687211481, 0.0
1, 0.730251537804, 1.0
-1, 0.0521874597688, 1.0
-1, 0.0238143244952, 0.0
1, 0.308531142351, 1.0
-1, 0.0862845511132, 1.0
-1, 0.0162493447761, 0.0
1, 0.776817515234, 1.0
-1, 0.484595229479, 1.0
-1, 0.0140712397222, 0.0
1, 0.77681767745, 1.0
1, 0.802293817466, 1.0
-1, 0.0121958906632, 0.0
-1, 0.124061791992, 1.0
1, 0.829813411997, 1.0
-1, 0.0109215985745, 1.0
-1, 0.836536239991, 0.0
1, 0.802498631324, 1.0
-1, 0.0103130860213, 1.0
-1, 0.161105999142, 0.0
1, 0.243065961889, 1.0
-1, 0.0100413351719, 1.0
-1, 0.113234169931, 0.0
1, 0.776924972556, 1.0
-1, 0.00872859886526, 1.0
-1, 0.0420012215471, 0.0
1, 0.829813865403, 1.0
-1, 0.00788047922683, 1.0
-1, 0.0276711341882, 0.0
1, 0.802499139681, 1.0
-1, 0.00755867510236, 1.0
-1, 0.0240724729384, 0.0
1, 0.859053839599, 1.0
-1, 0.00697995808759, 1.0
-1, 0.019043903627, 0.0
1, 0.89042953932, 1.0
-1, 0.00666166096603, 1.0
-1, 0.0168476044311, 0.0
1, 0.924183983354, 1.0
-1, 0.0064268502557, 1.0
-1, 0.0154225497404, 0.0
-1, 0.00177823000253, 1.0
-1, 0.00159263487141, 1.0
-1, 0.00174357175304, 1.0
-1, 0.00180836259968, 1.0
-1, 0.00192692820301, 1.0
-1, 0.0537954640092, 1.0
-1, 0.0288616373909, 1.0
1, 1.0, 1.0
-1, 0.00620644888851, 1.0
-1, 0.0142114819147, 0.0
-1, 0.00177542271784, 1.0
-1, 0.00159104196254, 1.0
-1, 0.00174104289378, 1.0
-1, 0.00180527691447, 1.0
-1, 0.00192286043202, 1.0
-1, 0.0535590999426, 1.0
-1, 0.0287925972781, 1.0
1, 0.960598361465, 1.0
-1, 0.0062609235911, 1.0
-1, 0.0145003714262, 0.0
-1, 0.00177985267074, 1.0
-1, 0.00159459865496, 1.0
-1, 0.00174530273607, 1.0
-1, 0.00180985729376, 1.0
-1, 0.00192805777152, 1.0
-1, 0.0579069790485, 1.0
-1, 0.0300036650069, 1.0
1, 0.924184011773, 1.0
-1, 0.00626253184562, 1.0
-1, 0.0145090008749, 0.0
-1, 0.0017873497797, 1.0
-1, 0.0016009498428, 1.0
-1, 0.0017525978151, 1.0
-1, 0.0018175167391, 1.0
-1, 0.00193646436192, 1.0
-1, 0.0689354792718, 1.0
-1, 0.0327149203677, 1.0
1, 0.89042964405, 1.0
-1, 0.00621119246442, 1.0
-1, 0.0142363777408, 0.0
-1, 0.00179797533891, 1.0
-1, 0.00161015404298, 1.0
-1, 0.00176298986776, 1.0
-1, 0.00182831539367, 1.0
-1, 0.00194813927111, 1.0
-1, 0.0963141308946, 1.0
-1, 0.0378146096824, 1.0
1, 0.122161232717, 1.0
-1, 0.00247869987927, 1.0
-1, 0.00257937079385, 1.0
-1, 0.00213612640531, 1.0
-1, 0.00229580571626, 1.0
-1, 0.368442406995, 1.0
-1, 0.00343413802236, 1.0
-1, 0.00407127738224, 1.0
-1, 0.00636153700804, 1.0
-1, 0.00895556583492, 1.0
-1, 0.00184213673589, 1.0
-1, 0.00185272398898, 1.0
-1, 0.00164765558574, 1.0
-1, 0.0018059924932, 1.0
-1, 0.0939851529256, 1.0
-1, 0.0138358897275, 1.0
-1, 0.0114103694682, 1.0
-1, 0.0177204533997, 1.0
-1, 0.0296663022656, 1.0
1, 0.149245181037, 1.0
-1, 0.00186145630757, 1.0
-1, 0.00187257930541, 1.0
-1, 0.00165966158937, 1.0
-1, 0.00182381581862, 1.0
-1, 0.0437718715407, 1.0
-1, 0.0122413403019, 1.0
-1, 0.012306643906, 1.0
-1, 0.0200087340754, 1.0
-1, 0.03684552872, 1.0
1, 0.471091182887, 1.0
-1, 0.0586744537086, 1.0
-1, 0.00189685471284, 1.0
-1, 0.00190841486452, 1.0
-1, 0.00168765556032, 1.0
-1, 0.00185776376343, 1.0
-1, 0.00193078531931, 1.0
-1, 0.0140528823516, 1.0
-1, 0.0250745771298, 1.0
-1, 0.0586744537086, 1.0
1, 0.969269892796, 1.0
-1, 0.169616625513, 1.0
-1, 0.00192702496636, 1.0
-1, 0.00193932478969, 1.0
-1, 0.00170785981135, 1.0
-1, 0.00188584648994, 1.0
-1, 0.00196291539505, 1.0
-1, 0.0166745567271, 1.0
-1, 0.0348518739731, 1.0
-1, 0.170793535463, 1.0
1, 0.969269906164, 1.0
-1, 0.144755729528, 1.0
-1, 0.00195775066131, 1.0
-1, 0.0019708364401, 1.0
-1, 0.00172816791703, 1.0
-1, 0.00191437190492, 1.0
-1, 0.00199571755491, 1.0
-1, 0.020498759559, 1.0
-1, 0.0571275407693, 1.0
1, 0.969098014894, 1.0
-1, 0.136367095849, 1.0
-1, 0.222346446113, 0.0
-1, 0.00195626827654, 1.0
-1, 0.00196973252305, 1.0
-1, 0.00172319536239, 1.0
-1, 0.00191204770877, 1.0
-1, 0.00199510933127, 1.0
-1, 0.0217336718902, 1.0
-1, 0.0678757362419, 1.0
1, 0.308149692993, 1.0
-1, 0.222346446113, 0.0
-1, 0.00199059056721, 1.0
-1, 0.00200455395685, 1.0
-1, 0.00174957331916, 1.0
-1, 0.00194477556583, 1.0
-1, 0.00203086932437, 1.0
-1, 0.173668187499, 1.0
-1, 0.02700013274, 1.0
-1, 0.173668187499, 1.0
1, 0.969186926913, 1.0
-1, 0.186566596722, 0.0
-1, 0.00206935991347, 1.0
-1, 0.0020849119187, 1.0
-1, 0.00180587702629, 1.0
-1, 0.00201886094112, 1.0
-1, 0.00211399553678, 1.0
-1, 0.0543048346552, 1.0
-1, 0.0683578425817, 1.0
1, 0.939848436876, 1.0
-1, 0.0536197374896, 1.0
-1, 0.185466511021, 0.0
-1, 0.00204556346914, 1.0
-1, 0.00206168430732, 1.0
-1, 0.00177928315774, 1.0
-1, 0.00199413620111, 1.0
-1, 0.00209133144714, 1.0
-1, 0.0581912953804, 0.0
-1, 0.0752388107435, 1.0
1, 0.471205527507, 1.0
-1, 0.0581938047582, 0.0
-1, 0.0249863832823, 1.0
-1, 0.0020883122219, 1.0
-1, 0.00210512900576, 1.0
-1, 0.00181142875321, 1.0
-1, 0.00203471378917, 1.0
-1, 0.00213606428115, 1.0
-1, 0.00232024686762, 1.0
-1, 0.313150309134, 1.0
1, 0.968971658743, 1.0
-1, 0.130793413004, 0.0
-1, 0.0328046494332, 1.0
-1, 0.00213900876363, 1.0
-1, 0.00206472973607, 1.0
-1, 0.0202250398037, 1.0
-1, 0.0123041295175, 1.0
-1, 0.0677685402062, 1.0
-1, 0.0336993171602, 1.0
1, 0.879840242045, 1.0
-1, 0.100943085947, 1.0
-1, 0.0528501485636, 0.0
-1, 0.0239467836777, 1.0
-1, 0.00212688100991, 1.0
-1, 0.00205196573366, 1.0
-1, 0.017108119631, 1.0
-1, 0.0109092059309, 1.0
-1, 0.0672539059151, 1.0
-1, 0.0274209373214, 1.0
1, 1.0, 1.0
-1, 0.0993793592613, 0.0
-1, 0.0242334632424, 1.0
-1, 0.0156017700262, 1.0
-1, 0.00326792366501, 1.0
-1, 0.00345237298653, 1.0
-1, 0.0026703506088, 1.0
-1, 0.0029476194652, 1.0
-1, 0.00241862091223, 1.0
-1, 0.284226328911, 1.0
-1, 0.00528021874302, 1.0
-1, 0.00705533355016, 1.0
-1, 0.0201025246425, 1.0
1, 0.276951495627, 1.0
-1, 0.0032791531774, 1.0
-1, 0.00346576142261, 1.0
-1, 0.00267434528206, 1.0
-1, 0.00295564496594, 1.0
-1, 0.00241926008064, 1.0
-1, 0.413218672097, 0.0
-1, 0.00532436506934, 1.0
-1, 0.0071486904615, 1.0
-1, 0.0211457796653, 1.0
1, 1.0, 1.0
-1, 0.0032791531774, 1.0
-1, 0.00346576142261, 1.0
-1, 0.00267434528206, 1.0
-1, 0.00295564496594, 1.0
-1, 0.00241926008064, 1.0
-1, 0.413218672097, 0.0
-1, 0.00532436506934, 1.0
-1, 0.0071486904615, 1.0
-1, 0.0211457796653, 1.0
1, 1.0, 1.0
-1, 0.0032791531774, 1.0
-1, 0.00346576142261, 1.0
-1, 0.00267434528206, 1.0
-1, 0.00295564496594, 1.0
-1, 0.00241926008064, 1.0
-1, 0.413218672097, 0.0
-1, 0.00532436506934, 1.0
-1, 0.0071486904615, 1.0
-1, 0.0211457796653, 1.0
1, 1.0, 1.0
-1, 0.0032791531774, 1.0
-1, 0.00346576142261, 1.0
-1, 0.00267434528206, 1.0
-1, 0.00295564496594, 1.0
-1, 0.00241926008064, 1.0
-1, 0.413218672097, 0.0
-1, 0.00532436506934, 1.0
-1, 0.0071486904615, 1.0
-1, 0.0211457796653, 1.0
1, 1.0, 1.0
-1, 0.0032791531774, 1.0
-1, 0.00346576142261, 1.0
-1, 0.00267434528206, 1.0
-1, 0.00295564496594, 1.0
-1, 0.00241926008064, 1.0
-1, 0.413218672097, 0.0
-1, 0.00532436506934, 1.0
-1, 0.0071486904615, 1.0
-1, 0.0211457796653, 1.0
1, 1.0, 1.0
-1, 0.0032791531774, 1.0
-1, 0.00346576142261, 1.0
-1, 0.00267434528206, 1.0
-1, 0.00295564496594, 1.0
-1, 0.00241926008064, 1.0
-1, 0.413218672097, 0.0
-1, 0.00532436506934, 1.0
-1, 0.0071486904615, 1.0
-1, 0.0211457796653, 1.0
1, 1.0, 1.0
-1, 0.0032791531774, 1.0
-1, 0.00346576142261, 1.0
-1, 0.00267434528206, 1.0
-1, 0.00295564496594, 1.0
-1, 0.00241926008064, 1.0
-1, 0.413218672097, 0.0
-1, 0.00532436506934, 1.0
-1, 0.0071486904615, 1.0
-1, 0.0211457796653, 1.0
1, 1.0, 1.0
-1, 0.00216243054694, 1.0
-1, 0.00218209277124, 1.0
-1, 0.0018527279653, 1.0
-1, 0.00210144058185, 1.0
-1, 0.00221746250685, 1.0
-1, 0.00242749300152, 1.0
-1, 0.0175382930191, 1.0
-1, 0.0110054302133, 1.0
-1, 0.41368972037, 0.0
1, 0.0294936992399, 1.0
-1, 0.00224774946813, 1.0
-1, 0.00226685588766, 1.0
-1, 0.00193097058093, 1.0
-1, 0.00218644322772, 1.0
-1, 0.00230217778035, 1.0
-1, 0.00251306674331, 1.0
-1, 0.0414719103221, 1.0
-1, 0.0172536016242, 1.0
1, 0.0307803342297, 1.0
-1, 1.0, 1.0
-1, 0.00216347178732, 1.0
-1, 0.0021829987037, 1.0
-1, 0.00185463499362, 1.0
-1, 0.00210274671385, 1.0
-1, 0.00221819274628, 1.0
-1, 0.00242721097645, 1.0
-1, 0.01798534408, 1.0
-1, 0.0111798077316, 1.0
1, 1.0, 1.0
-1, 0.0307803342297, 0.0
-1, 0.00524138387452, 1.0
-1, 0.00536852034, 1.0
-1, 0.00593529455572, 1.0
-1, 0.01308955364, 1.0
-1, 0.004591030214, 1.0
-1, 0.0267549247439, 1.0
-1, 0.0140405174464, 1.0
1, 0.965416532485, 1.0
-1, 0.0701078105806, 0.0
-1, 0.0224291767686, 1.0
-1, 0.00534726953417, 1.0
-1, 0.00606672648639, 1.0
-1, 0.0125944129407, 1.0
-1, 0.0126863173787, 1.0
-1, 0.0314419584562, 1.0
-1, 0.0152321005904, 1.0
1, 0.989097922895, 1.0
-1, 0.115047964257, 0.0
-1, 0.0202997350405, 1.0
-1, 0.00327658994333, 1.0
-1, 0.00553612583915, 1.0
-1, 0.00630885391503, 1.0
-1, 0.0132222578828, 1.0
-1, 0.0132222578828, 1.0
-1, 0.0403123960976, 1.0
-1, 0.0170495807487, 1.0
1, 0.986409452797, 1.0
-1, 0.590448918014, 0.0
-1, 0.0215267208844, 1.0
-1, 0.00335316472676, 1.0
-1, 0.00582557687259, 1.0
-1, 0.00668399598696, 1.0
-1, 0.0142198838507, 1.0
-1, 0.0142198838507, 1.0
-1, 0.0666359290321, 1.0
-1, 0.0204695189139, 1.0
1, 0.0989532793929, 1.0
-1, 0.980295081093, 0.0
-1, 0.0229270453039, 1.0
-1, 0.00346663917276, 1.0
-1, 0.00579918444692, 1.0
-1, 0.00595352045332, 1.0
-1, 0.00664888839313, 1.0
-1, 0.0139854191767, 1.0
-1, 0.00501956393714, 1.0
1, 0.0636885336335, 1.0
-1, 0.0201826040181, 1.0
-1, 0.1062553255, 1.0
-1, 0.0993393462472, 0.0
-1, 0.0213132468865, 1.0
-1, 0.00655756615293, 1.0
-1, 0.00675248580323, 1.0
-1, 0.00764254554803, 1.0
-1, 0.0148170776099, 1.0
-1, 0.00558839584861, 1.0
1, 0.15029630992, 1.0
-1, 0.0378287481682, 1.0
-1, 0.0636885062946, 1.0
-1, 0.106255401596, 1.0
-1, 0.0234163509803, 1.0
-1, 0.00672166196204, 1.0
-1, 0.00692608425363, 1.0
-1, 0.00786246290928, 1.0
-1, 0.0149959094369, 1.0
-1, 0.00570886910053, 1.0
1, 0.978382357791, 1.0
-1, 0.0448928011188, 1.0
-1, 0.0586258897249, 1.0
-1, 0.124140392792, 1.0
-1, 0.0242717945264, 1.0
-1, 0.0639677571578, 1.0
1, 0.978382378218, 1.0
-1, 0.0801010423992, 1.0
-1, 0.0372461915987, 1.0
-1, 0.267689109236, 1.0
