Label, Distance Score, Tangent Score 
1, 0.0350131377384, 0.999965892266
-1, 5.64447917271e-14, 0.99978341783
-1, 1.8370300383e-16, 0.999718804478
-1, 5.24031559157e-50, 0.99792421672
-1, 3.20046378952e-104, 0.997921871709
-1, 1.09910500168e-33, 0.996969467161
-1, 7.65062125293e-60, 0.992616457128
-1, 4.13663559745e-88, 0.985553143828
-1, 2.02447043803e-120, 0.976719572247
-1, 7.24232268919e-162, 0.9684409137
1, 0.0103270798238, 0.999965892266
-1, 2.52751603596e-07, 0.99978341783
-1, 2.86509462002e-26, 0.999718804478
-1, 1.33138645468e-66, 0.99792421672
-1, 8.69834813093e-128, 0.997921871709
-1, 2.52839049727e-22, 0.996969467161
-1, 3.66790630565e-44, 0.992616457128
-1, 9.10219057036e-69, 0.985553143828
-1, 1.3964656382e-97, 0.976719572247
-1, 3.29335728197e-135, 0.9684409137
1, 0.015264476562, 0.999965892266
-1, 0.00354266223621, 0.99978341783
-1, 1.63464091951e-38, 0.999718804478
-1, 1.27400170108e-85, 0.99792421672
-1, 8.98238334714e-154, 0.997921871709
-1, 2.10771204571e-13, 0.996969467161
-1, 6.55876532086e-31, 0.992616457128
-1, 7.54644158038e-52, 0.985553143828
-1, 3.6489350251e-77, 0.976719572247
-1, 5.69320577475e-111, 0.9684409137
-1, 0.090342145895, 0.99978341783
1, 0.00607575059486, 0.999965892266
-1, 2.46888332834e-51, 0.999718804478
-1, 2.21269971731e-104, 0.99792421672
-1, 1.35428792278e-178, 0.997921871709
-1, 1.40922730755e-07, 0.996969467161
-1, 2.64688364684e-21, 0.992616457128
-1, 4.4008836944e-39, 0.985553143828
-1, 2.04026641136e-61, 0.976719572247
-1, 5.30878320137e-92, 0.9684409137
-1, 0.0880605029067, 0.999965892266
1, 0.0110906517293, 0.99978341783
-1, 0.00171158831065, 0.996969467161
-1, 4.45077322719e-67, 0.999718804478
-1, 1.78535551229e-126, 0.99792421672
-1, 3.36864446172e-207, 0.997921871709
-1, 4.22117965693e-13, 0.992616457128
-1, 1.87566739893e-27, 0.985553143828
-1, 1.53260020072e-46, 0.976719572247
-1, 1.33532916353e-73, 0.9684409137
-1, 0.0817033048634, 0.999146729071
1, 0.0432397553571, 0.999875774074
-1, 0.00245021411153, 0.99899523256
-1, 8.54221721303e-84, 0.999917310719
-1, 4.00695113354e-149, 0.999611432976
-1, 6.60886521538e-236, 0.99961041716
-1, 1.9791676531e-07, 0.99638388086
-1, 1.35594668244e-18, 0.991073136662
-1, 1.08820248181e-34, 0.983878432012
-1, 1.60172877894e-58, 0.976853293472
-1, 0.0899489906042, 0.999088731864
1, 0.044417022933, 0.999896593949
-1, 0.00304751615808, 0.998309722796
-1, 4.59566515028e-177, 0.999999554477
-1, 8.31748945085e-271, 0.999999519433
-1, 5.60132938852e-105, 0.999208383398
-1, 1.29332168973e-07, 0.997426720577
-1, 1.20111984187e-10, 0.994298936843
-1, 3.24891770831e-23, 0.988323664492
-1, 3.27213234851e-43, 0.982233836718
1, 0.0883272138692, 0.999896593949
-1, 0.0709084503468, 0.998309722796
-1, 0.00441293005179, 0.999088731864
-1, 6.90321382613e-202, 0.999999554477
-1, 3.09964163298e-301, 0.999999519433
-1, 2.75083575318e-124, 0.999208383398
-1, 4.84540292363e-13, 0.997426720577
-1, 3.26425161596e-06, 0.994298936843
-1, 5.08145180092e-16, 0.988323664492
-1, 4.44128974759e-33, 0.982233836718
-1, 0.0824229553764, 0.999619630295
1, 0.0411729164982, 0.999868875423
-1, 0.000946681514948, 0.997317910618
-1, 1.85033051193e-310, 0.999562123058
-1, 2.62629331572e-209, 0.99956104478
-1, 4.72064859387e-130, 0.997526018972
-1, 7.33549895517e-05, 0.997091461325
-1, 7.01776590661e-15, 0.99477178528
-1, 1.32927027013e-13, 0.992510855825
-1, 1.88655504521e-29, 0.987493393688
1, 0.0895473133974, 0.999996326561
-1, 0.0734645024602, 0.999156979454
-1, 0.014386868891, 0.998677852454
-1, 0.0, 0.9985173497
-1, 3.45953415551e-236, 0.998515367147
-1, 2.02644013341e-151, 0.995471188471
-1, 1.71743120382e-08, 0.995238218901
-1, 2.24626494839e-07, 0.995191401551
-1, 2.1306766048e-22, 0.991929501356
-1, 2.19276757663e-21, 0.991100117495
-1, 0.0542651955205, 0.998677852454
1, 0.0524273871575, 0.999996326561
-1, 0.0479628710631, 0.999156979454
-1, 0.0, 0.9985173497
-1, 2.71703172201e-244, 0.998515367147
-1, 7.17416347073e-158, 0.995471188471
-1, 8.89005115451e-07, 0.995238218901
-1, 9.39934193791e-09, 0.995191401551
-1, 6.28227311574e-25, 0.991929501356
-1, 1.89162583542e-18, 0.991100117495
-1, 0.0897075061462, 0.999629941747
1, 0.0211629913466, 0.999768532092
-1, 0.0163598055394, 0.997869829073
-1, 2.25796535358e-05, 0.997305774714
-1, 0.0, 0.99690671754
-1, 1.05896875197e-252, 0.996903856526
-1, 8.066140662e-16, 0.994029145569
-1, 1.26047654806e-164, 0.992880323191
-1, 1.95139402008e-10, 0.992531049831
-1, 9.19279082055e-28, 0.98857582176
-1, 0.0886819458269, 0.999629941747
1, 0.055510901626, 0.999768532092
-1, 0.00726615914745, 0.997869829073
-1, 8.7186989609e-05, 0.997305774714
-1, 0.0, 0.99690671754
-1, 5.08353809392e-257, 0.996903856526
-1, 1.27896170205e-14, 0.994029145569
-1, 4.06263446867e-168, 0.992880323191
-1, 2.15985312903e-11, 0.992531049831
-1, 2.7035002713e-29, 0.98857582176
-1, 0.0892686889, 0.999768532092
1, 0.0456395194612, 0.999629941747
-1, 0.0197534275477, 0.997305774714
-1, 1.20451423983e-05, 0.997869829073
-1, 0.0, 0.99690671754
-1, 1.57707636012e-286, 0.996903856526
-1, 3.23219632278e-09, 0.994029145569
-1, 4.09356271112e-192, 0.992880323191
-1, 9.94900553335e-18, 0.992531049831
-1, 1.82777622796e-39, 0.98857582176
-1, 0.0696733456371, 0.999397447499
-1, 0.0431966370818, 0.998186804752
1, 0.0389199893822, 0.999933713082
-1, 4.7898449474e-07, 0.997505220945
-1, 2.08380243252e-07, 0.994600140808
-1, 0.0, 0.993122532577
-1, 3.90983174084e-298, 0.993118274974
-1, 1.12026610018e-17, 0.992627867081
-1, 0.0, 0.987780424073
-1, 1.1846249681e-201, 0.987539780325
-1, 0.0843170368944, 0.999397447499
1, 0.084167246171, 0.999933713082
-1, 0.00123999258681, 0.998186804752
-1, 0.00018614454775, 0.997505220945
-1, 1.81912463902e-11, 0.994600140808
-1, 0.0, 0.993122532577
-1, 0.0, 0.993118274974
-1, 5.39907789051e-13, 0.992627867081
-1, 0.0, 0.987780424073
-1, 9.71563944436e-224, 0.987539780325
-1, 0.0870844629182, 0.999933713082
1, 0.0296154299433, 0.999397447499
-1, 0.00424578147991, 0.997505220945
-1, 7.31499022298e-05, 0.998186804752
-1, 5.16808827964e-14, 0.994600140808
-1, 0.0, 0.993122532577
-1, 0.0, 0.993118274974
-1, 3.70771263247e-10, 0.992627867081
-1, 0.0, 0.987780424073
-1, 4.86882020143e-234, 0.987539780325
-1, 0.058747813199, 0.998912801179
1, 0.0469445285042, 0.999999917345
-1, 0.0303230828441, 0.999368533291
-1, 8.39733805786e-08, 0.996267767484
-1, 1.42087561431e-06, 0.995459891552
-1, 0.0, 0.99263390771
-1, 9.20040196991e-21, 0.991017460394
-1, 4.89037809656e-17, 0.990351204412
-1, 0.0, 0.989758885938
-1, 0.0, 0.989622367359
1, 0.0664467210757, 0.999368533291
-1, 0.061087934089, 0.999999917345
-1, 0.000719824065697, 0.998912801179
-1, 0.000412400263681, 0.996267767484
-1, 1.21643996435e-11, 0.995459891552
-1, 0.0, 0.99263390771
-1, 7.70509060621e-14, 0.991017460394
-1, 2.70331039191e-25, 0.990351204412
-1, 0.0, 0.989758885938
-1, 0.0, 0.989622367359
-1, 0.084226912266, 0.999320535065
1, 0.0478948247358, 0.999999577036
-1, 0.0234489855423, 0.998751034812
-1, 2.01222192724e-06, 0.996551154711
-1, 0.0, 0.996386380055
-1, 2.62205207943e-09, 0.995227724553
-1, 0.0, 0.994297038719
-1, 0.0, 0.994194813365
-1, 2.47025670841e-16, 0.991336393813
-1, 0.0, 0.990375158411
-1, 0.065727974826, 0.999795616193
1, 0.0601926656309, 0.999529112505
-1, 0.00191583686626, 0.997781274032
-1, 0.0, 0.998472096487
-1, 7.06006259587e-05, 0.99768957264
-1, 0.0, 0.997028485945
-1, 0.0, 0.996954467069
-1, 0.0, 0.994049983397
-1, 7.62732729903e-12, 0.993643563677
-1, 9.81925391873e-16, 0.993601123788
-1, 0.0895375988692, 0.999529112505
1, 0.0114316877239, 0.999795616193
-1, 0.00381327032119, 0.99768957264
-1, 0.0, 0.998472096487
-1, 3.81839705756e-05, 0.997781274032
-1, 0.0, 0.997028485945
-1, 0.0, 0.996954467069
-1, 0.0, 0.994049983397
-1, 2.10360813478e-15, 0.993643563677
-1, 7.7083172403e-12, 0.993601123788
1, 0.0733047834908, 0.999943924521
-1, 0.0384745351246, 0.999308457173
-1, 0.0331906442493, 0.998110086069
-1, 0.0, 0.999700284183
-1, 0.0, 0.998927596455
-1, 0.0, 0.998882904934
-1, 0.0, 0.996930898356
-1, 1.22342512464e-08, 0.996605734555
-1, 1.49804757313e-07, 0.995259474472
-1, 1.14635404776e-17, 0.994246875393
-1, 0.0610819012947, 0.999308457173
1, 0.0590363184664, 0.999943924521
-1, 0.0, 0.999700284183
-1, 0.000305528846191, 0.998110086069
-1, 0.0, 0.998927596455
-1, 0.0, 0.998882904934
-1, 0.0, 0.996930898356
-1, 7.50431431766e-05, 0.996605734555
-1, 1.28964620455e-12, 0.995259474472
-1, 9.7492172903e-12, 0.994246875393
-1, 0.0771328495804, 0.998978703103
1, 0.0211366372397, 0.99999666762
-1, 0.0115315190004, 0.998856739483
-1, 0.0, 0.999948712581
-1, 0.0, 0.999931465074
-1, 0.0, 0.999919820041
-1, 0.0, 0.999042211654
-1, 1.89930431462e-07, 0.99735548713
-1, 0.0, 0.996429360116
-1, 3.76708102285e-07, 0.995388327925
1, 0.0778433976547, 0.999887691434
-1, 0.0767772005759, 0.999542309783
-1, 0.00702687547256, 0.998031138157
-1, 0.0, 0.999987967422
-1, 0.0, 0.999982822583
-1, 0.0, 0.999656684155
-1, 0.0, 0.999616483146
-1, 0.00010191113811, 0.998477879545
-1, 0.0, 0.997758026269
-1, 1.79350325584e-10, 0.995655417465
-1, 0.0862202873284, 0.999887691434
1, 0.0625223059097, 0.999542309783
-1, 0.0247569170348, 0.998477879545
-1, 0.0, 0.999987967422
-1, 0.0, 0.999982822583
-1, 0.0, 0.999656684155
-1, 0.0, 0.999616483146
-1, 8.72947584017e-06, 0.998031138157
-1, 0.0, 0.997758026269
-1, 6.12735060793e-06, 0.995655417465
-1, 0.0594333983989, 0.999925189248
-1, 0.0184028083299, 0.99832218446
1, 0.00853805558503, 0.999919370574
-1, 0.00508930155093, 0.998734140427
-1, 0.0, 0.999859702701
-1, 0.0, 0.99971128756
-1, 0.0, 0.998855044913
-1, 0.0, 0.998808883256
-1, 2.54448658411e-288, 0.99760297024
-1, 0.0, 0.997506106707
-1, 0.0840058972647, 0.998766467559
-1, 0.0756615096046, 0.999910945006
1, 0.0640343824733, 0.999693782424
-1, 0.0, 0.999916151007
-1, 0.000108019863213, 0.999352882914
-1, 7.71691460417e-263, 0.99947889736
-1, 1.49305945276e-186, 0.999375006611
-1, 0.0, 0.998557120938
-1, 5.35932005298e-217, 0.998525858823
-1, 1.18956509242e-252, 0.998475595772
-1, 0.0904840277399, 0.999111952515
1, 0.0847215280281, 0.999991777261
-1, 0.0248381219635, 0.999827437846
-1, 0.00212635618455, 0.997751752217
-1, 1.01063587517e-234, 0.999889226686
-1, 5.75675882031e-163, 0.999838771965
-1, 0.0, 0.999539470062
-1, 1.73542153936e-191, 0.999318975223
-1, 4.3126187612e-225, 0.999284662979
-1, 0.0, 0.997472147532
-1, 0.0661449503734, 0.999827437846
1, 0.0543203315588, 0.999991777261
-1, 0.0163217739705, 0.999111952515
-1, 6.99091523123e-209, 0.999889226686
-1, 1.41988126682e-141, 0.999838771965
-1, 0.0, 0.999539470062
-1, 3.12236992092e-168, 0.999318975223
-1, 8.33857867347e-200, 0.999284662979
-1, 2.14807786028e-06, 0.997751752217
-1, 0.0, 0.997472147532
-1, 0.0890765448134, 0.999991777261
1, 0.0218519360143, 0.999827437846
-1, 0.000279179002358, 0.999111952515
-1, 7.5183583142e-190, 0.999889226686
-1, 5.29534219309e-126, 0.999838771965
-1, 0.0, 0.999539470062
-1, 3.27624108291e-151, 0.999318975223
-1, 3.32709480418e-181, 0.999284662979
-1, 7.94913212047e-10, 0.997751752217
-1, 0.0, 0.997472147532
1, 0.0178521413143, 0.999827437846
-1, 0.00881053265925, 0.999991777261
-1, 3.04856696401e-169, 0.999889226686
-1, 2.3823652185e-109, 0.999838771965
-1, 0.0, 0.999539470062
-1, 6.68484309597e-133, 0.999318975223
-1, 4.34356514635e-161, 0.999284662979
-1, 1.6457799241e-07, 0.999111952515
-1, 6.49800104973e-15, 0.997751752217
-1, 0.0, 0.997472147532
1, 0.0538267854255, 0.999827437846
-1, 3.44366206372e-05, 0.999991777261
-1, 7.4704843876e-150, 0.999889226686
-1, 6.46541455193e-94, 0.999838771965
-1, 0.0, 0.999539470062
-1, 8.23543458198e-116, 0.999318975223
-1, 3.42636593745e-142, 0.999284662979
-1, 5.37750710643e-12, 0.999111952515
-1, 3.09353228265e-21, 0.997751752217
-1, 0.0, 0.997472147532
1, 0.0904990640177, 0.999980071691
-1, 4.98230542353e-129, 0.999996568087
-1, 1.25731260087e-77, 0.999983796562
-1, 1.07888433378e-09, 0.999866832538
-1, 1.35143292945e-97, 0.999696334828
-1, 6.32010594886e-122, 0.99967327813
-1, 0.0, 0.999092207843
-1, 6.29800003927e-19, 0.998520244855
-1, 1.9043810723e-30, 0.996855416485
-1, 0.0, 0.99652639154
1, 0.0805699993663, 0.999980071691
-1, 4.79841323296e-110, 0.999996568087
-1, 4.2645631581e-63, 0.999983796562
-1, 2.3867454e-15, 0.999866832538
-1, 3.36472389359e-81, 0.999696334828
-1, 1.69948206034e-103, 0.99967327813
-1, 0.0, 0.999092207843
-1, 7.57452814114e-27, 0.998520244855
-1, 2.06529244229e-40, 0.996855416485
-1, 0.0, 0.99652639154
1, 0.0602103432407, 0.999980071691
-1, 2.39376765117e-96, 0.999996568087
-1, 7.28982253018e-53, 0.999983796562
-1, 7.939716349e-21, 0.999866832538
-1, 1.62819465881e-69, 0.999696334828
-1, 3.14214392937e-90, 0.99967327813
-1, 0.0, 0.999092207843
-1, 4.42921263755e-34, 0.998520244855
-1, 3.12086823333e-49, 0.996855416485
-1, 0.0, 0.99652639154
1, 0.0353660484735, 0.999980071691
-1, 2.38155423685e-85, 0.999996568087
-1, 7.74529009493e-45, 0.999983796562
-1, 2.85245673656e-26, 0.999866832538
-1, 3.04256126503e-60, 0.999696334828
-1, 1.33475897754e-79, 0.99967327813
-1, 0.0, 0.999092207843
-1, 5.01646120011e-41, 0.998520244855
-1, 1.54490683112e-57, 0.996855416485
-1, 0.0, 0.99652639154
1, 0.0653838769527, 0.999980071691
-1, 2.67699565361e-70, 0.999996568087
-1, 2.49495971141e-34, 0.999983796562
-1, 1.26380776271e-36, 0.999866832538
-1, 8.34508382908e-48, 0.999696334828
-1, 4.14341672771e-65, 0.99967327813
-1, 0.00011985649659, 0.999072498632
-1, 1.99602986201e-312, 0.999092207843
-1, 9.12076521701e-54, 0.998520244855
-1, 1.53098561668e-72, 0.996855416485
1, 0.0418781956885, 0.999999500951
-1, 8.46747609533e-27, 0.999999928355
-1, 2.22896480123e-59, 0.999996370406
-1, 7.03509372101e-39, 0.99981316517
-1, 1.28936452985e-54, 0.999794987699
-1, 3.67402437453e-44, 0.999765996466
-1, 1.61458066744e-289, 0.998851782667
-1, 6.53507053493e-63, 0.998217284322
-1, 4.81945433983e-83, 0.996420614908
-1, 0.0, 0.996070206703
1, 0.0743941657019, 0.999999500951
-1, 8.30610282965e-19, 0.999999928355
-1, 6.45979550168e-47, 0.999996370406
-1, 5.17840193408e-29, 0.99981316517
-1, 1.04018874522e-42, 0.999794987699
-1, 2.24543019025e-56, 0.999765996466
-1, 7.1300191382e-261, 0.998851782667
-1, 2.27870708651e-77, 0.998217284322
-1, 1.55139302117e-99, 0.996420614908
-1, 0.0, 0.996070206703
1, 0.085732502739, 0.999999500951
-1, 0.00544954849257, 0.990271180644
-1, 0.00106249339249, 0.998829632514
-1, 3.81809243015e-12, 0.999999928355
-1, 1.09465404223e-35, 0.999996370406
-1, 2.09176335272e-20, 0.99981316517
-1, 4.84947659623e-32, 0.999794987699
-1, 1.47702041786e-70, 0.999765996466
-1, 7.39115642455e-233, 0.998851782667
-1, 6.25866516068e-94, 0.998217284322
1, 0.0597124208276, 0.999999903748
-1, 0.00651168465126, 0.997781689478
-1, 0.00651168465126, 0.990348801785
-1, 0.00455716877341, 0.997889661169
-1, 1.18690255969e-06, 0.999999983482
-1, 3.44955009337e-25, 0.999994703843
-1, 1.12265502001e-11, 0.999982350849
-1, 8.90630407411e-16, 0.999825010262
-1, 8.33187501907e-13, 0.999823838089
-1, 3.67167738139e-22, 0.999806175121
-1, 0.0111053575975, 0.999999997004
1, 0.0056924368769, 0.999999756454
-1, 4.00739064245e-15, 0.999995513741
-1, 3.03824831935e-06, 0.999818940284
-1, 7.64602528048e-13, 0.999801039328
-1, 2.79986533727e-110, 0.99975943745
-1, 1.11530004815e-172, 0.99883731529
-1, 3.96520049827e-139, 0.998199274411
-1, 1.59756742948e-168, 0.996395137177
-1, 1.29992518487e-251, 0.996043517869
1, 0.0829462262931, 0.999999756454
-1, 0.0826153266216, 0.999999997004
-1, 0.00890781316614, 0.999818940284
-1, 0.00631256653186, 0.99424178164
-1, 0.0029438000217, 0.999983857032
-1, 0.00860846837509, 0.976270378712
-1, 0.0048522325992, 0.987434097446
-1, 0.0084684450822, 0.970460832987
-1, 0.000329689039634, 0.999820128664
-1, 0.000701394276864, 0.997906447263
1, 0.090524338865, 0.999999997004
-1, 0.0882892486842, 0.999818940284
-1, 0.0407701287318, 0.999999756454
-1, 0.00234953077397, 0.999801039328
-1, 0.000267073608187, 0.999995513741
-1, 2.05037822997e-102, 0.999997085695
-1, 0.0, 0.99991650056
-1, 1.27422144063e-157, 0.99975943745
-1, 2.54414870191e-123, 0.99883731529
-1, 7.86303291522e-192, 0.998199274411
-1, 0.0851277496525, 0.999874861921
1, 0.0822128161232, 0.999888971818
-1, 0.0647137405947, 0.999991795654
-1, 0.0491105867908, 0.999974627397
-1, 0.000352893679862, 0.999994116675
-1, 3.66778224787e-104, 0.999978598448
-1, 0.0, 0.999961326194
-1, 1.5514456143e-182, 0.99966038225
-1, 7.99201285281e-103, 0.998629861708
-1, 3.12265912787e-219, 0.997943268115
-1, 0.0893830541914, 0.999974627397
-1, 0.0720140317255, 0.999888971818
1, 0.0720146151266, 0.999874861921
-1, 0.0142982242461, 0.999991795654
-1, 5.76578243396e-06, 0.999994116675
-1, 1.02937359003e-105, 0.999978598448
-1, 0.0, 0.999961326194
-1, 1.0459135457e-195, 0.99966038225
-1, 2.7327319861e-93, 0.998629861708
-1, 1.20266366824e-233, 0.997943268115
-1, 0.0519941277206, 0.999874861921
1, 0.0253973057759, 0.999974627397
-1, 0.0165345197497, 0.999888971818
-1, 2.86043704404e-06, 0.999991795654
-1, 2.94915789821e-12, 0.999994116675
-1, 2.9290302627e-229, 0.99966038225
-1, 2.36366868523e-72, 0.998629861708
-1, 3.50071989473e-270, 0.997943268115
-1, 1.23286491973e-310, 0.996036787976
-1, 6.46550707512e-126, 0.995668572148
1, 0.0443865334532, 0.999974627397
-1, 4.03974670818e-23, 0.999994116675
-1, 3.47388038814e-14, 0.999991795654
-1, 1.07488896343e-05, 0.999874861921
-1, 3.93163471652e-07, 0.999888971818
-1, 7.20245879858e-272, 0.99966038225
-1, 2.13081511544e-51, 0.998629861708
-1, 2.85085230313e-316, 0.997943268115
-1, 0.0, 0.996036787976
-1, 1.10465566913e-97, 0.995668572148
1, 0.0902510937593, 0.999974627397
-1, 8.38399804828e-36, 0.999994116675
-1, 2.66046642456e-24, 0.999991795654
-1, 1.77792918999e-14, 0.999888971818
-1, 2.81007256819e-12, 0.999874861921
-1, 2.15674524412e-312, 0.99966038225
-1, 4.09922700656e-36, 0.998629861708
-1, 0.0, 0.997943268115
-1, 0.0, 0.996036787976
-1, 1.04050236381e-75, 0.995668572148
1, 0.0718209678736, 0.999817730889
-1, 3.50777761177e-23, 0.999995701799
-1, 2.68019705352e-20, 0.999992586529
-1, 2.68059668726e-49, 0.999881422755
-1, 1.65030739081e-35, 0.999871675084
-1, 0.0, 0.999276901199
-1, 1.3628966167e-24, 0.997932285748
-1, 0.0, 0.997105049279
-1, 0.0, 0.99490220045
-1, 1.86477489059e-58, 0.994485935134
1, 0.0168910885247, 0.999817730889
-1, 1.84055983772e-36, 0.999995701799
-1, 8.97813994887e-33, 0.999992586529
-1, 3.16556590107e-68, 0.999881422755
-1, 9.74693049815e-52, 0.999871675084
-1, 0.0, 0.999276901199
-1, 5.71100930959e-14, 0.997932285748
-1, 0.0, 0.997105049279
-1, 0.0, 0.99490220045
-1, 4.82275126653e-41, 0.994485935134
1, 0.0799253399358, 0.999817730889
-1, 0.00559306923202, 0.999766523376
-1, 7.72315049039e-59, 0.999995883259
-1, 2.03778384356e-52, 0.999995701799
-1, 5.53603145042e-48, 0.999992586529
-1, 6.84342023805e-08, 0.999941588062
-1, 1.79773017e-32, 0.999898843415
-1, 1.81382367959e-89, 0.999881422755
-1, 1.9836624663e-70, 0.999871675084
-1, 9.9913199937e-73, 0.999762831665
1, 0.0903471524431, 0.999817730889
-1, 0.005454936754, 0.997932285748
-1, 4.55098563883e-70, 0.999995701799
-1, 6.79417494323e-65, 0.999992586529
-1, 2.55638935674e-112, 0.999881422755
-1, 8.57096112325e-91, 0.999871675084
-1, 0.0, 0.999276901199
-1, 0.0, 0.997105049279
-1, 0.0, 0.99490220045
-1, 5.97144447203e-17, 0.994485935134
-1, 0.0886688076782, 0.997932285748
1, 0.0781172090378, 0.999817730889
-1, 4.14420440333e-85, 0.999995701799
-1, 2.21849415454e-79, 0.999992586529
-1, 2.94423388291e-131, 0.999881422755
-1, 7.21936439455e-108, 0.999871675084
-1, 0.0, 0.999276901199
-1, 0.0, 0.997105049279
-1, 0.0, 0.99490220045
-1, 9.11439190525e-11, 0.994485935134
-1, 0.0904256232326, 0.999206099891
1, 0.0393234058544, 0.999985508871
-1, 0.0, 0.999852393026
-1, 0.0, 0.999781350447
-1, 0.0, 0.999113497169
-1, 1.74040875576e-126, 0.99907899167
-1, 9.71662885485e-152, 0.999052180215
-1, 3.71129879834e-06, 0.9989347424
-1, 1.07819802044e-101, 0.998086783272
-1, 2.06843761161e-95, 0.998029593378
-1, 0.0219941920968, 0.998713715542
1, 0.00906231876575, 0.999984900573
-1, 0.00111986056084, 0.999377549689
-1, 0.0, 0.999980134201
-1, 0.0, 0.999512285279
-1, 0.0, 0.999494740072
-1, 4.93606149331e-142, 0.998553252
-1, 9.7963367894e-169, 0.998519706121
-1, 6.8505957896e-13, 0.997797298359
-1, 7.38362728836e-10, 0.997733481962
1, 0.0879440748897, 0.999984900573
-1, 0.0464765860043, 0.999377549689
-1, 0.00736058023744, 0.995825661479
-1, 0.00886612006274, 0.983865442557
-1, 0.0, 0.999980134201
-1, 7.70850083078e-237, 0.999939461059
-1, 0.0, 0.999512285279
-1, 0.0, 0.999494740072
-1, 4.92985116094e-167, 0.998846296903
-1, 2.49225172392e-05, 0.998713715542
-1, 0.0902968696266, 0.999893726154
1, 0.0901472836067, 0.999656743319
-1, 0.00103233300154, 0.998912481568
-1, 0.0, 0.999944593547
-1, 0.0, 0.999896262875
-1, 2.54921511569e-05, 0.998956572046
-1, 0.0, 0.998622566213
-1, 0.0, 0.998445551234
-1, 4.49089412285e-09, 0.997656969149
-1, 2.71085829514e-07, 0.997450410489
-1, 0.0892199280401, 0.999656743319
1, 0.0701975616461, 0.999893726154
-1, 0.0364454948192, 0.998912481568
-1, 0.00428395649943, 0.998956572046
-1, 0.0, 0.999944593547
-1, 0.0, 0.999896262875
-1, 0.0, 0.998622566213
-1, 0.0, 0.998445551234
-1, 9.1628358797e-06, 0.997656969149
-1, 7.36929685345e-11, 0.997450410489
-1, 0.0861583643655, 0.998912481568
-1, 0.0524853762745, 0.999656743319
1, 0.0438642443488, 0.999893726154
-1, 0.0278352271352, 0.998956572046
-1, 0.0, 0.999944593547
-1, 0.0, 0.999896262875
-1, 0.00026223884211, 0.997656969149
-1, 0.0, 0.998622566213
-1, 0.0, 0.998445551234
-1, 2.5348027384e-13, 0.997450410489
-1, 0.0758079759278, 0.999656743319
-1, 0.0632345072561, 0.998912481568
1, 0.0581824373262, 0.999893726154
-1, 0.0120655250049, 0.998956572046
-1, 0.0, 0.999944593547
-1, 0.0, 0.999896262875
-1, 0.0, 0.998622566213
-1, 0.0, 0.998445551234
-1, 5.37329387597e-05, 0.997656969149
-1, 4.72411646255e-12, 0.997450410489
-1, 0.0758079759278, 0.999656743319
-1, 0.0632345072561, 0.998912481568
1, 0.0581824373262, 0.999893726154
-1, 0.0120655250049, 0.998956572046
-1, 0.0, 0.999944593547
-1, 0.0, 0.999896262875
-1, 0.0, 0.998622566213
-1, 0.0, 0.998445551234
-1, 5.37329387597e-05, 0.997656969149
-1, 4.72411646255e-12, 0.997450410489
-1, 0.0762546106889, 0.998912481568
-1, 0.0647466414582, 0.999656743319
1, 0.0512823993584, 0.999893726154
-1, 0.0187980433197, 0.998956572046
-1, 0.0, 0.999944593547
-1, 0.0, 0.999896262875
-1, 0.0, 0.998622566213
-1, 0.0, 0.998445551234
-1, 0.000121472566463, 0.997656969149
-1, 1.1188833225e-12, 0.997450410489
-1, 0.0758079759278, 0.999656743319
-1, 0.0632345072561, 0.998912481568
1, 0.0581824373262, 0.999893726154
-1, 0.0120655250049, 0.998956572046
-1, 0.0, 0.999944593547
-1, 0.0, 0.999896262875
-1, 0.0, 0.998622566213
-1, 0.0, 0.998445551234
-1, 5.37329387597e-05, 0.997656969149
-1, 4.72411646255e-12, 0.997450410489
-1, 0.0842871916164, 0.999656743319
1, 0.064504321016, 0.999893726154
-1, 0.0493830789198, 0.998912481568
-1, 0.00736781290142, 0.998956572046
-1, 0.0, 0.999944593547
-1, 0.0, 0.999896262875
-1, 0.0, 0.998622566213
-1, 0.0, 0.998445551234
-1, 2.2702134951e-05, 0.997656969149
-1, 1.90782623412e-11, 0.997450410489
-1, 0.0758079759278, 0.999656743319
-1, 0.0632345072561, 0.998912481568
1, 0.0581824373262, 0.999893726154
-1, 0.0120655250049, 0.998956572046
-1, 0.0, 0.999944593547
-1, 0.0, 0.999896262875
-1, 0.0, 0.998622566213
-1, 0.0, 0.998445551234
-1, 5.37329387597e-05, 0.997656969149
-1, 4.72411646255e-12, 0.997450410489
-1, 0.0861583643655, 0.998912481568
-1, 0.0524853762745, 0.999656743319
1, 0.0438642443488, 0.999893726154
-1, 0.0278352271352, 0.998956572046
-1, 0.0, 0.999944593547
-1, 0.0, 0.999896262875
-1, 0.00026223884211, 0.997656969149
-1, 0.0, 0.998622566213
-1, 0.0, 0.998445551234
-1, 2.5348027384e-13, 0.997450410489
-1, 0.0861583643655, 0.998912481568
-1, 0.0524853762745, 0.999656743319
1, 0.0438642443488, 0.999893726154
-1, 0.0278352271352, 0.998956572046
-1, 0.0, 0.999944593547
-1, 0.0, 0.999896262875
-1, 0.00026223884211, 0.997656969149
-1, 0.0, 0.998622566213
-1, 0.0, 0.998445551234
-1, 2.5348027384e-13, 0.997450410489
-1, 0.0904875080703, 0.998912481568
-1, 0.0403950004775, 0.999656743319
-1, 0.0391229535179, 0.998956572046
1, 0.0359967164159, 0.999893726154
-1, 0.0, 0.999944593547
-1, 0.0, 0.999896262875
-1, 0.000540510315453, 0.997656969149
-1, 0.0, 0.998622566213
-1, 0.0, 0.998445551234
-1, 5.49301518222e-14, 0.997450410489
-1, 0.0904875080703, 0.998912481568
-1, 0.0403950004775, 0.999656743319
-1, 0.0391229535179, 0.998956572046
1, 0.0359967164159, 0.999893726154
-1, 0.0, 0.999944593547
-1, 0.0, 0.999896262875
-1, 0.000540510315453, 0.997656969149
-1, 0.0, 0.998622566213
-1, 0.0, 0.998445551234
-1, 5.49301518222e-14, 0.997450410489
-1, 0.0762546106889, 0.998912481568
-1, 0.0647466414582, 0.999656743319
1, 0.0512823993584, 0.999893726154
-1, 0.0187980433197, 0.998956572046
-1, 0.0, 0.999944593547
-1, 0.0, 0.999896262875
-1, 0.0, 0.998622566213
-1, 0.0, 0.998445551234
-1, 0.000121472566463, 0.997656969149
-1, 1.1188833225e-12, 0.997450410489
-1, 0.0762546106889, 0.998912481568
-1, 0.0647466414582, 0.999656743319
1, 0.0512823993584, 0.999893726154
-1, 0.0187980433197, 0.998956572046
-1, 0.0, 0.999944593547
-1, 0.0, 0.999896262875
-1, 0.0, 0.998622566213
-1, 0.0, 0.998445551234
-1, 0.000121472566463, 0.997656969149
-1, 1.1188833225e-12, 0.997450410489
-1, 0.0762546106889, 0.998912481568
-1, 0.0647466414582, 0.999656743319
1, 0.0512823993584, 0.999893726154
-1, 0.0187980433197, 0.998956572046
-1, 0.0, 0.999944593547
-1, 0.0, 0.999896262875
-1, 0.0, 0.998622566213
-1, 0.0, 0.998445551234
-1, 0.000121472566463, 0.997656969149
-1, 1.1188833225e-12, 0.997450410489
-1, 0.0762546106889, 0.998912481568
-1, 0.0647466414582, 0.999656743319
1, 0.0512823993584, 0.999893726154
-1, 0.0187980433197, 0.998956572046
-1, 0.0, 0.999944593547
-1, 0.0, 0.999896262875
-1, 0.0, 0.998622566213
-1, 0.0, 0.998445551234
-1, 0.000121472566463, 0.997656969149
-1, 1.1188833225e-12, 0.997450410489
-1, 0.0762546106889, 0.998912481568
-1, 0.0647466414582, 0.999656743319
1, 0.0512823993584, 0.999893726154
-1, 0.0187980433197, 0.998956572046
-1, 0.0, 0.999944593547
-1, 0.0, 0.999896262875
-1, 0.0, 0.998622566213
-1, 0.0, 0.998445551234
-1, 0.000121472566463, 0.997656969149
-1, 1.1188833225e-12, 0.997450410489
-1, 0.0762546106889, 0.998912481568
-1, 0.0647466414582, 0.999656743319
1, 0.0512823993584, 0.999893726154
-1, 0.0187980433197, 0.998956572046
-1, 0.0, 0.999944593547
-1, 0.0, 0.999896262875
-1, 0.0, 0.998622566213
-1, 0.0, 0.998445551234
-1, 0.000121472566463, 0.997656969149
-1, 1.1188833225e-12, 0.997450410489
-1, 0.0762546106889, 0.998912481568
-1, 0.0647466414582, 0.999656743319
1, 0.0512823993584, 0.999893726154
-1, 0.0187980433197, 0.998956572046
-1, 0.0, 0.999944593547
-1, 0.0, 0.999896262875
-1, 0.0, 0.998622566213
-1, 0.0, 0.998445551234
-1, 0.000121472566463, 0.997656969149
-1, 1.1188833225e-12, 0.997450410489
-1, 0.0762546106889, 0.998912481568
-1, 0.0647466414582, 0.999656743319
1, 0.0512823993584, 0.999893726154
-1, 0.0187980433197, 0.998956572046
-1, 0.0, 0.999944593547
-1, 0.0, 0.999896262875
-1, 0.0, 0.998622566213
-1, 0.0, 0.998445551234
-1, 0.000121472566463, 0.997656969149
-1, 1.1188833225e-12, 0.997450410489
-1, 0.0758079759278, 0.999656743319
-1, 0.0632345072561, 0.998912481568
1, 0.0581824373262, 0.999893726154
-1, 0.0120655250049, 0.998956572046
-1, 0.0, 0.999944593547
-1, 0.0, 0.999896262875
-1, 0.0, 0.998622566213
-1, 0.0, 0.998445551234
-1, 5.37329387597e-05, 0.997656969149
-1, 4.72411646255e-12, 0.997450410489
-1, 0.0842871916164, 0.999656743319
1, 0.064504321016, 0.999893726154
-1, 0.0493830789198, 0.998912481568
-1, 0.00736781290142, 0.998956572046
-1, 0.0, 0.999944593547
-1, 0.0, 0.999896262875
-1, 0.0, 0.998622566213
-1, 0.0, 0.998445551234
-1, 2.2702134951e-05, 0.997656969149
-1, 1.90782623412e-11, 0.997450410489
-1, 0.0842871916164, 0.999656743319
1, 0.064504321016, 0.999893726154
-1, 0.0493830789198, 0.998912481568
-1, 0.00736781290142, 0.998956572046
-1, 0.0, 0.999944593547
-1, 0.0, 0.999896262875
-1, 0.0, 0.998622566213
-1, 0.0, 0.998445551234
-1, 2.2702134951e-05, 0.997656969149
-1, 1.90782623412e-11, 0.997450410489
-1, 0.0842871916164, 0.999656743319
1, 0.064504321016, 0.999893726154
-1, 0.0493830789198, 0.998912481568
-1, 0.00736781290142, 0.998956572046
-1, 0.0, 0.999944593547
-1, 0.0, 0.999896262875
-1, 0.0, 0.998622566213
-1, 0.0, 0.998445551234
-1, 2.2702134951e-05, 0.997656969149
-1, 1.90782623412e-11, 0.997450410489
-1, 0.0842871916164, 0.999656743319
1, 0.064504321016, 0.999893726154
-1, 0.0493830789198, 0.998912481568
-1, 0.00736781290142, 0.998956572046
-1, 0.0, 0.999944593547
-1, 0.0, 0.999896262875
-1, 0.0, 0.998622566213
-1, 0.0, 0.998445551234
-1, 2.2702134951e-05, 0.997656969149
-1, 1.90782623412e-11, 0.997450410489
-1, 0.0758079759278, 0.596126698865
-1, 0.0632345072561, 0.646078473471
-1, 0.0, 0.864833826372
1, 0.0581824373262, 0.624250579572
-1, 0.0, 0.850472221398
-1, 0.0, 0.84900546197
-1, 0.0, 0.827809569363
-1, 0.0, 0.827790121934
-1, 0.0, 0.820576251308
-1, 0.0, 0.796221556054
-1, 0.0762546106889, 0.631341600048
-1, 0.0, 0.854174473733
-1, 0.0647466414582, 0.581030283741
-1, 0.0, 0.839368497078
-1, 0.0, 0.837858390931
-1, 0.0, 0.816074247094
-1, 0.0, 0.816054290888
1, 0.0512823993584, 0.609335924047
-1, 0.0, 0.808655350634
-1, 0.0, 0.783726250004
-1, 0.0632345072561, 0.631341600048
-1, 0.0758079759278, 0.581030283741
-1, 0.0, 0.854174473733
1, 0.0581824373262, 0.609335924047
-1, 0.0, 0.839368497078
-1, 0.0, 0.837858390931
-1, 0.0, 0.816074247094
-1, 0.0, 0.816054290888
-1, 0.0, 0.808655350634
-1, 0.0, 0.783726250004
-1, 0.0762546106889, 0.631341600048
-1, 0.0, 0.854174473733
-1, 0.0647466414582, 0.581030283741
-1, 0.0, 0.839368497078
-1, 0.0, 0.837858390931
-1, 0.0, 0.816074247094
-1, 0.0, 0.816054290888
1, 0.0512823993584, 0.609335924047
-1, 0.0, 0.808655350634
-1, 0.0, 0.783726250004
-1, 0.0762546106889, 0.631341600048
-1, 0.0, 0.854174473733
-1, 0.0647466414582, 0.581030283741
-1, 0.0, 0.839368497078
-1, 0.0, 0.837858390931
-1, 0.0, 0.816074247094
-1, 0.0, 0.816054290888
1, 0.0512823993584, 0.609335924047
-1, 0.0, 0.808655350634
-1, 0.0, 0.783726250004
-1, 0.0762546106889, 0.631341600048
-1, 0.0, 0.854174473733
-1, 0.0647466414582, 0.581030283741
-1, 0.0, 0.839368497078
-1, 0.0, 0.837858390931
-1, 0.0, 0.816074247094
-1, 0.0, 0.816054290888
1, 0.0512823993584, 0.609335924047
-1, 0.0, 0.808655350634
-1, 0.0, 0.783726250004
-1, 0.0861583643655, 0.631341600048
-1, 0.0, 0.854174473733
-1, 0.0, 0.839368497078
-1, 0.0, 0.837858390931
-1, 0.0, 0.816074247094
-1, 0.0, 0.816054290888
-1, 0.0, 0.808655350634
-1, 0.0524853762745, 0.581030283741
1, 0.0438642443488, 0.609335924047
-1, 0.0, 0.783726250004
-1, 0.0762546106889, 0.631341600048
-1, 0.0, 0.854174473733
-1, 0.0647466414582, 0.581030283741
-1, 0.0, 0.839368497078
-1, 0.0, 0.837858390931
-1, 0.0, 0.816074247094
-1, 0.0, 0.816054290888
1, 0.0512823993584, 0.609335924047
-1, 0.0, 0.808655350634
-1, 0.0, 0.783726250004
-1, 0.0762546106889, 0.631341600048
-1, 0.0, 0.854174473733
-1, 0.0647466414582, 0.581030283741
-1, 0.0, 0.839368497078
-1, 0.0, 0.837858390931
-1, 0.0, 0.816074247094
-1, 0.0, 0.816054290888
1, 0.0512823993584, 0.609335924047
-1, 0.0, 0.808655350634
-1, 0.0, 0.783726250004
-1, 0.0762546106889, 0.631341600048
-1, 0.0, 0.854174473733
-1, 0.0647466414582, 0.581030283741
-1, 0.0, 0.839368497078
-1, 0.0, 0.837858390931
-1, 0.0, 0.816074247094
-1, 0.0, 0.816054290888
1, 0.0512823993584, 0.609335924047
-1, 0.0, 0.808655350634
-1, 0.0, 0.783726250004
-1, 0.0632345072561, 0.631341600048
-1, 0.0758079759278, 0.581030283741
-1, 0.0, 0.854174473733
1, 0.0581824373262, 0.609335924047
-1, 0.0, 0.839368497078
-1, 0.0, 0.837858390931
-1, 0.0, 0.816074247094
-1, 0.0, 0.816054290888
-1, 0.0, 0.808655350634
-1, 0.0, 0.783726250004
-1, 0.0632345072561, 0.631341600048
-1, 0.0758079759278, 0.581030283741
-1, 0.0, 0.854174473733
1, 0.0581824373262, 0.609335924047
-1, 0.0, 0.839368497078
-1, 0.0, 0.837858390931
-1, 0.0, 0.816074247094
-1, 0.0, 0.816054290888
-1, 0.0, 0.808655350634
-1, 0.0, 0.783726250004
-1, 0.0842871916164, 0.581030283741
1, 0.064504321016, 0.609335924047
-1, 0.0, 0.854174473733
-1, 0.0, 0.839368497078
-1, 0.0, 0.837858390931
-1, 0.0493830789198, 0.631341600048
-1, 0.0, 0.816074247094
-1, 0.0, 0.816054290888
-1, 0.0, 0.808655350634
-1, 0.0, 0.783726250004
-1, 0.0632345072561, 0.631341600048
-1, 0.0758079759278, 0.581030283741
-1, 0.0, 0.854174473733
1, 0.0581824373262, 0.609335924047
-1, 0.0, 0.839368497078
-1, 0.0, 0.837858390931
-1, 0.0, 0.816074247094
-1, 0.0, 0.816054290888
-1, 0.0, 0.808655350634
-1, 0.0, 0.783726250004
-1, 0.0632345072561, 0.631341600048
-1, 0.0758079759278, 0.581030283741
-1, 0.0, 0.854174473733
1, 0.0581824373262, 0.609335924047
-1, 0.0, 0.839368497078
-1, 0.0, 0.837858390931
-1, 0.0, 0.816074247094
-1, 0.0, 0.816054290888
-1, 0.0, 0.808655350634
-1, 0.0, 0.783726250004
-1, 0.0762546106889, 0.631341600048
-1, 0.0, 0.854174473733
-1, 0.0647466414582, 0.581030283741
-1, 0.0, 0.839368497078
-1, 0.0, 0.837858390931
-1, 0.0, 0.816074247094
-1, 0.0, 0.816054290888
1, 0.0512823993584, 0.609335924047
-1, 0.0, 0.808655350634
-1, 0.0, 0.783726250004
-1, 0.0762546106889, 0.631341600048
-1, 0.0, 0.854174473733
-1, 0.0647466414582, 0.581030283741
-1, 0.0, 0.839368497078
-1, 0.0, 0.837858390931
-1, 0.0, 0.816074247094
-1, 0.0, 0.816054290888
1, 0.0512823993584, 0.609335924047
-1, 0.0, 0.808655350634
-1, 0.0, 0.783726250004
-1, 0.0762546106889, 0.631341600048
-1, 0.0, 0.854174473733
-1, 0.0647466414582, 0.581030283741
-1, 0.0, 0.839368497078
-1, 0.0, 0.837858390931
-1, 0.0, 0.816074247094
-1, 0.0, 0.816054290888
1, 0.0512823993584, 0.609335924047
-1, 0.0, 0.808655350634
-1, 0.0, 0.783726250004
-1, 0.0762546106889, 0.631341600048
-1, 0.0, 0.854174473733
-1, 0.0647466414582, 0.581030283741
-1, 0.0, 0.839368497078
-1, 0.0, 0.837858390931
-1, 0.0, 0.816074247094
-1, 0.0, 0.816054290888
1, 0.0512823993584, 0.609335924047
-1, 0.0, 0.808655350634
-1, 0.0, 0.783726250004
-1, 0.0861583643655, 0.631341600048
-1, 0.0, 0.854174473733
-1, 0.0, 0.839368497078
-1, 0.0, 0.837858390931
-1, 0.0, 0.816074247094
-1, 0.0, 0.816054290888
-1, 0.0, 0.808655350634
-1, 0.0524853762745, 0.581030283741
1, 0.0438642443488, 0.609335924047
-1, 0.0, 0.783726250004
-1, 0.0861583643655, 0.631341600048
-1, 0.0, 0.854174473733
-1, 0.0, 0.839368497078
-1, 0.0, 0.837858390931
-1, 0.0, 0.816074247094
-1, 0.0, 0.816054290888
-1, 0.0, 0.808655350634
-1, 0.0524853762745, 0.581030283741
1, 0.0438642443488, 0.609335924047
-1, 0.0, 0.783726250004
-1, 0.0861583643655, 0.631341600048
-1, 0.0, 0.854174473733
-1, 0.0, 0.839368497078
-1, 0.0, 0.837858390931
-1, 0.0, 0.816074247094
-1, 0.0, 0.816054290888
-1, 0.0, 0.808655350634
-1, 0.0524853762745, 0.581030283741
1, 0.0438642443488, 0.609335924047
-1, 0.0, 0.783726250004
-1, 0.0861583643655, 0.631341600048
-1, 0.0, 0.854174473733
-1, 0.0, 0.839368497078
-1, 0.0, 0.837858390931
-1, 0.0, 0.816074247094
-1, 0.0, 0.816054290888
-1, 0.0, 0.808655350634
-1, 0.0524853762745, 0.581030283741
1, 0.0438642443488, 0.609335924047
-1, 0.0, 0.783726250004
-1, 0.0861583643655, 0.631341600048
-1, 0.0, 0.854174473733
-1, 0.0, 0.839368497078
-1, 0.0, 0.837858390931
-1, 0.0, 0.816074247094
-1, 0.0, 0.816054290888
-1, 0.0, 0.808655350634
-1, 0.0524853762745, 0.581030283741
1, 0.0438642443488, 0.609335924047
-1, 0.0, 0.783726250004
-1, 0.0904875080703, 0.631341600048
-1, 0.0, 0.854174473733
-1, 0.0, 0.839368497078
-1, 0.0, 0.837858390931
-1, 0.0, 0.816074247094
-1, 0.0, 0.816054290888
-1, 0.0, 0.808655350634
-1, 0.0391229535179, 0.630689442853
-1, 0.0, 0.783726250004
-1, 0.0, 0.754706800276
-1, 0.0871549756176, 0.631341600048
-1, 0.0, 0.854174473733
-1, 0.0, 0.839368497078
-1, 0.0521076213334, 0.630689442853
-1, 0.0, 0.837858390931
-1, 0.0, 0.816074247094
-1, 0.0, 0.816054290888
-1, 0.0, 0.808655350634
-1, 0.0, 0.783726250004
-1, 0.0, 0.754706800276
-1, 0.0750428416773, 0.631341600048
-1, 0.0656232967262, 0.630689442853
-1, 0.0, 0.854174473733
-1, 0.0, 0.839368497078
-1, 0.0, 0.837858390931
-1, 0.0, 0.816074247094
-1, 0.0, 0.816054290888
-1, 0.0, 0.808655350634
-1, 0.0, 0.783726250004
-1, 0.0, 0.754706800276
-1, 0.0875049557122, 0.999410588596
1, 0.0347134351873, 0.997859798057
-1, 0.0173992244278, 0.999442935153
-1, 0.0154228442769, 0.999933348112
-1, 0.00293583443892, 0.994368163094
-1, 0.0, 0.999723221057
-1, 0.0, 0.99970586457
-1, 4.32236513242e-16, 0.999504538096
-1, 1.38175084668e-14, 0.999304435011
-1, 0.0, 0.997586779741
1, 0.0878050571456, 0.997898306392
-1, 0.0838306966533, 0.997959746705
-1, 0.0612863881291, 0.999115538986
-1, 0.0439858635492, 0.995402225673
-1, 1.69282879919e-10, 0.999999536663
-1, 1.55095226804e-09, 0.999976993755
-1, 0.0, 0.9999755701
-1, 0.0, 0.999035851169
-1, 0.0, 0.998500633163
-1, 0.0, 0.996813977058
-1, 0.0905209260529, 0.999115538986
1, 0.0897171185928, 0.997898306392
-1, 0.0667848952418, 0.997959746705
-1, 0.0162776234121, 0.995402225673
-1, 0.0148291382188, 0.999867093588
-1, 0.000317888707839, 0.999563359456
-1, 1.52212605584e-10, 0.999999536663
-1, 7.39118446519e-10, 0.999976993755
-1, 0.0, 0.9999755701
-1, 0.0, 0.999035851169
-1, 0.0887598313832, 0.999115538986
1, 0.0880571381927, 0.997898306392
-1, 0.0580741122594, 0.997959746705
-1, 0.0226914474897, 0.999867093588
-1, 0.0113747933855, 0.995402225673
-1, 0.000655897220945, 0.999563359456
-1, 1.33171991729e-10, 0.999999536663
-1, 5.5178912185e-10, 0.999976993755
-1, 0.0, 0.9999755701
-1, 0.0, 0.999035851169
-1, 0.0637980648647, 0.999654121995
-1, 0.0544158932036, 0.997682512406
-1, 0.035570137812, 0.999914806546
1, 0.0147561588185, 0.998973605605
-1, 0.00117741606476, 0.997747045836
-1, 3.29858427933e-12, 0.999997382369
-1, 3.3829288769e-12, 0.999993760497
-1, 0.0, 0.999947564781
-1, 0.000354852452949, 0.998247381102
-1, 0.0, 0.999173254882
-1, 0.0513447837482, 0.99960725415
1, 0.0117813562567, 0.999887210327
-1, 0.000730885917814, 0.998143817529
-1, 0.00065232388028, 0.997885722373
-1, 0.0, 0.997613877094
-1, 3.35912767535e-08, 0.997249897854
-1, 1.79879799266e-13, 0.995786633739
-1, 0.0, 0.989316523071
-1, 6.97333634234e-30, 0.989150625596
-1, 0.0, 0.981908918921
-1, 0.066563779501, 0.999809581499
1, 0.0232317277589, 0.999534488659
-1, 0.000972833711626, 0.997296676626
-1, 0.0, 0.99972215117
-1, 2.63007547814e-05, 0.998927278722
-1, 0.0, 0.994918094191
-1, 3.44243463441e-16, 0.994803149899
-1, 8.01754323671e-11, 0.994341427213
-1, 2.72770837572e-18, 0.9928492326
-1, 0.0, 0.989486854664
1, 0.084244740912, 0.999809581499
-1, 0.070972941715, 0.998927278722
-1, 0.0014545905921, 0.999534488659
-1, 0.0, 0.99972215117
-1, 3.815218078e-12, 0.997296676626
-1, 0.0, 0.994918094191
-1, 3.97470409336e-06, 0.994803149899
-1, 2.92783906751e-24, 0.994341427213
-1, 5.42974229539e-35, 0.9928492326
-1, 0.0, 0.989486854664
-1, 0.0680382696327, 0.999758358936
1, 0.0536025562227, 0.999988350185
-1, 0.000743745276437, 0.998168707621
-1, 0.0, 0.999839339714
-1, 0.0, 0.998236792697
-1, 4.72659646009e-05, 0.997409141693
-1, 0.0, 0.99462663443
-1, 0.0, 0.994574061418
-1, 0.0, 0.994510748899
-1, 0.0, 0.994496388131
-1, 0.0905250727316, 0.999638465046
1, 0.0502401327452, 0.999584783733
-1, 0.00441761612177, 0.998453407054
-1, 0.0, 0.99966837954
-1, 0.0, 0.99867074883
-1, 0.0, 0.997544075235
-1, 0.0, 0.997508438853
-1, 0.0, 0.997465412811
-1, 0.0, 0.997455636977
-1, 0.0, 0.997428412048
-1, 0.0709086632495, 0.999584783733
1, 0.0640426486332, 0.999638465046
-1, 0.0221760451624, 0.997360653259
-1, 0.0, 0.99966837954
-1, 0.0, 0.99867074883
-1, 3.70422722982e-07, 0.998453407054
-1, 0.0, 0.997544075235
-1, 0.0, 0.997508438853
-1, 0.0, 0.997465412811
-1, 0.0, 0.997455636977
-1, 0.0807166187462, 0.999829076813
1, 0.0803063292956, 0.999627253304
-1, 0.0, 0.999873340949
-1, 0.0, 0.999865139084
-1, 0.0, 0.999854975373
-1, 0.0, 0.999852626979
-1, 0.0, 0.999846011731
-1, 0.0, 0.999845102088
-1, 3.54274757604e-73, 0.999839994002
-1, 0.0, 0.99982550537
1, 0.0893067584895, 0.999829076813
-1, 0.0287747738361, 0.999627253304
-1, 0.0, 0.999873340949
-1, 0.0, 0.999865139084
-1, 0.0, 0.999854975373
-1, 0.0, 0.999852626979
-1, 0.0, 0.999846011731
-1, 0.0, 0.999845102088
-1, 9.40652566445e-58, 0.999839994002
-1, 0.0, 0.99982550537
1, 0.0901610315001, 0.999999999949
-1, 0.0, 0.999999983415
-1, 2.7485273875e-43, 0.999999813758
-1, 0.0, 0.99999959662
-1, 0.0, 0.999999548788
-1, 0.0, 0.999999114114
-1, 0.0, 0.999998921862
-1, 0.0, 0.999997844923
-1, 0.0, 0.999996663117
-1, 0.0, 0.999976544231
1, 0.088797397213, 0.999999999949
-1, 0.0, 0.999999983415
-1, 9.23540045644e-32, 0.999999813758
-1, 0.0, 0.99999959662
-1, 0.0, 0.999999548788
-1, 0.0, 0.999999114114
-1, 0.0, 0.999998921862
-1, 0.0, 0.999997844923
-1, 0.0, 0.999996663117
-1, 0.0, 0.999976544231
1, 0.0519704091763, 0.999999999949
-1, 0.0, 0.999999983415
-1, 5.81351829488e-28, 0.999999813758
-1, 0.0, 0.99999959662
-1, 0.0, 0.999999548788
-1, 0.0, 0.999999114114
-1, 0.0, 0.999998921862
-1, 0.0, 0.999997844923
-1, 0.0, 0.999996663117
-1, 0.0, 0.999976544231
1, 0.0579018365159, 0.99999515295
-1, 0.0, 0.999999854076
-1, 0.0, 0.99999945137
-1, 0.0, 0.999998630212
-1, 0.0, 0.999998393448
-1, 0.0, 0.999997637661
-1, 0.0, 0.999997523811
-1, 2.53799196103e-18, 0.999996841718
-1, 0.0, 0.999994536117
-1, 0.0, 0.999950272253
1, 0.0634059663474, 0.99999515295
-1, 0.0, 0.999999854076
-1, 0.0, 0.99999945137
-1, 0.0, 0.999998630212
-1, 0.0, 0.999998393448
-1, 0.0, 0.999997637661
-1, 0.0, 0.999997523811
-1, 7.71248234599e-11, 0.999996841718
-1, 0.0, 0.999994536117
-1, 0.0, 0.999950272253
1, 0.0805826976061, 0.99999515295
-1, 7.56134135121e-06, 0.999996841718
-1, 0.0, 0.999999854076
-1, 0.0, 0.99999945137
-1, 0.0, 0.999998630212
-1, 0.0, 0.999998393448
-1, 0.0, 0.999997637661
-1, 0.0, 0.999997523811
-1, 0.0, 0.999994536117
-1, 0.0, 0.999950272253
1, 0.0730058217484, 0.99999515295
-1, 0.0181516417592, 0.999996841718
-1, 0.0, 0.999999854076
-1, 0.0, 0.99999945137
-1, 0.0, 0.999998630212
-1, 0.0, 0.999998393448
-1, 0.0, 0.999997637661
-1, 0.0, 0.999997523811
-1, 0.0, 0.999994536117
-1, 0.0, 0.999950272253
-1, 0.0881597367394, 0.999996841718
1, 0.0860122641707, 0.99999515295
-1, 0.0, 0.999999854076
-1, 0.0, 0.99999945137
-1, 0.0, 0.999998630212
-1, 0.0, 0.999998393448
-1, 0.0, 0.999997637661
-1, 0.0, 0.999997523811
-1, 0.0, 0.999994536117
-1, 0.0, 0.999950272253
1, 0.0686105470382, 0.999999965296
-1, 0.0266431821556, 0.999999627002
-1, 0.0, 0.999999999702
-1, 0.0, 0.999999997097
-1, 0.0, 0.999999895433
-1, 0.0, 0.99999982319
-1, 0.0, 0.999999442544
-1, 0.0, 0.999999277208
-1, 0.0, 0.999998538638
-1, 0.0, 0.999970177981
1, 0.0583001447401, 0.999999965296
-1, 2.03169274611e-05, 0.999999627002
-1, 0.0, 0.999999999702
-1, 0.0, 0.999999997097
-1, 0.0, 0.999999895433
-1, 0.0, 0.99999982319
-1, 0.0, 0.999999442544
-1, 0.0, 0.999999277208
-1, 0.0, 0.999998538638
-1, 0.0, 0.999970177981
1, 0.0463369051344, 0.999999965296
-1, 0.0, 0.999999999702
-1, 0.0, 0.999999997097
-1, 0.0, 0.999999895433
-1, 0.0, 0.99999982319
-1, 4.43790253306e-11, 0.999999627002
-1, 0.0, 0.999999442544
-1, 0.0, 0.999999277208
-1, 0.0, 0.999998538638
-1, 0.0, 0.999970177981
1, 0.0871235705368, 0.999999965296
-1, 0.0, 0.999999999702
-1, 0.0, 0.999999997097
-1, 0.0, 0.999999895433
-1, 0.0, 0.99999982319
-1, 2.51147674605e-25, 0.999999627002
-1, 0.0, 0.999999442544
-1, 0.0, 0.999999277208
-1, 0.0, 0.999998538638
-1, 0.0, 0.999970177981
1, 0.0896330128964, 0.999999965296
-1, 0.0, 0.999999999702
-1, 0.0, 0.999999997097
-1, 0.0, 0.999999895433
-1, 0.0, 0.99999982319
-1, 2.89865736004e-37, 0.999999627002
-1, 0.0, 0.999999442544
-1, 3.04581162213e-302, 0.999999277208
-1, 0.0, 0.999998538638
-1, 0.0, 0.999970177981
1, 0.0905269201084, 0.999999965296
-1, 0.0, 0.999999999702
-1, 0.0, 0.999999997097
-1, 0.0, 0.999999895433
-1, 0.0, 0.99999982319
-1, 1.24317371905e-51, 0.999999627002
-1, 0.0, 0.999999442544
-1, 2.88751338165e-265, 0.999999277208
-1, 0.0, 0.999998538638
-1, 0.0, 0.999970177981
1, 0.0843268662937, 0.999999965296
-1, 0.0, 0.999999999702
-1, 0.0, 0.999999997097
-1, 0.0, 0.999999895433
-1, 0.0, 0.99999982319
-1, 1.83228719394e-69, 0.999999627002
-1, 0.0, 0.999999442544
-1, 1.19853153525e-228, 0.999999277208
-1, 0.0, 0.999998538638
-1, 0.0, 0.999970177981
1, 0.0866909572955, 0.999999965296
-1, 0.0, 0.999999999702
-1, 0.0, 0.999999997097
-1, 0.0, 0.999999895433
-1, 0.0, 0.99999982319
-1, 1.21214709874e-87, 0.999999627002
-1, 0.0, 0.999999442544
-1, 1.44558694617e-198, 0.999999277208
-1, 0.0, 0.999998538638
-1, 0.0, 0.999970177981
1, 0.0817236875865, 0.999999965296
-1, 0.0, 0.999999999702
-1, 0.0, 0.999999997097
-1, 0.0, 0.999999895433
-1, 0.0, 0.99999982319
-1, 2.78226248792e-109, 0.999999627002
-1, 0.0, 0.999999442544
-1, 7.62224587025e-169, 0.999999277208
-1, 0.0, 0.999998538638
-1, 0.0, 0.999970177981
1, 0.0746901233875, 0.999999965296
-1, 0.0, 0.999999999702
-1, 0.0, 0.999999997097
-1, 0.0, 0.999999895433
-1, 0.0, 0.99999982319
-1, 2.42401377228e-133, 0.999999627002
-1, 0.0, 0.999999442544
-1, 1.53127739372e-141, 0.999999277208
-1, 0.0, 0.999998538638
-1, 0.0, 0.999970177981
1, 0.0786594110055, 0.999999965296
-1, 0.0, 0.999999999702
-1, 0.0, 0.999999997097
-1, 0.0, 0.999999895433
-1, 0.0, 0.99999982319
-1, 3.41374645891e-158, 0.999999627002
-1, 0.0, 0.999999442544
-1, 3.97559640216e-118, 0.999999277208
-1, 0.0, 0.999998538638
-1, 0.0, 0.999970177981
1, 0.0820584478747, 0.999999965296
-1, 0.0, 0.999999999702
-1, 0.0, 0.999999997097
-1, 0.0, 0.999999895433
-1, 0.0, 0.99999982319
-1, 3.53440707108e-185, 0.999999627002
-1, 0.0, 0.999999442544
-1, 7.57072513189e-97, 0.999999277208
-1, 0.0, 0.999998538638
-1, 0.0, 0.999970177981
1, 0.084879173982, 0.999999965296
-1, 0.0, 0.999999999702
-1, 0.0, 0.999999997097
-1, 0.0, 0.999999895433
-1, 0.0, 0.99999982319
-1, 2.69292146593e-214, 0.999999627002
-1, 0.0, 0.999999442544
-1, 1.05535388534e-77, 0.999999277208
-1, 2.96439387505e-323, 0.999998538638
-1, 0.0, 0.999970177981
1, 0.0871202120469, 0.999993302986
-1, 3.01910869271e-287, 0.999998577456
-1, 1.07399721247e-60, 0.999997593156
-1, 0.0, 0.999996075307
-1, 0.0, 0.999995681074
-1, 0.0, 0.999994488332
-1, 0.0, 0.999994315138
-1, 1.51111384133e-245, 0.999990926023
-1, 0.0, 0.999990088853
-1, 0.0, 0.999938181515
1, 0.0904988800256, 0.999993302986
-1, 1.44450816048e-255, 0.999998577456
-1, 8.84236205693e-47, 0.999997593156
-1, 0.0, 0.999996075307
-1, 0.0, 0.999995681074
-1, 0.0, 0.999994488332
-1, 0.0, 0.999994315138
-1, 8.67363094924e-277, 0.999990926023
-1, 0.0, 0.999990088853
-1, 0.0, 0.999938181515
1, 0.0863611226397, 0.999993302986
-1, 9.00605264773e-226, 0.999998577456
-1, 9.33844654344e-35, 0.999997593156
-1, 0.0, 0.999996075307
-1, 0.0, 0.999995681074
-1, 0.0, 0.999994488332
-1, 0.0, 0.999994315138
-1, 6.4890747613e-310, 0.999990926023
-1, 0.0, 0.999990088853
-1, 0.0, 0.999938181515
1, 0.0220146480321, 0.999993302986
-1, 9.61642777681e-212, 0.999998577456
-1, 2.76619748169e-29, 0.999997593156
-1, 0.0, 0.999996075307
-1, 0.0, 0.999995681074
-1, 0.0, 0.999994488332
-1, 0.0, 0.999994315138
-1, 0.0, 0.999990926023
-1, 0.0, 0.999990088853
-1, 0.0, 0.999938181515
1, 0.0873255646383, 0.999993302986
-1, 3.44725711658e-190, 0.999998577456
-1, 7.56079755427e-22, 0.999997593156
-1, 0.0, 0.999996075307
-1, 0.0, 0.999995681074
-1, 0.0, 0.999994488332
-1, 0.0, 0.999994315138
-1, 0.0, 0.999990926023
-1, 0.0, 0.999990088853
-1, 0.0, 0.999938181515
1, 0.0889312130116, 0.999993302986
-1, 7.261051178e-163, 0.999998577456
-1, 1.49737383474e-13, 0.999997593156
-1, 0.0, 0.999996075307
-1, 0.0, 0.999995681074
-1, 0.0, 0.999994488332
-1, 0.0, 0.999994315138
-1, 0.0, 0.999990926023
-1, 0.0, 0.999990088853
-1, 0.0, 0.999938181515
1, 0.0760234394156, 0.999993302986
-1, 1.08547512488e-06, 0.999997593156
-1, 1.73909923495e-134, 0.999998577456
-1, 0.0, 0.999996075307
-1, 0.0, 0.999995681074
-1, 0.0, 0.999994488332
-1, 0.0, 0.999994315138
-1, 0.0, 0.999990926023
-1, 0.0, 0.999990088853
-1, 0.0, 0.999938181515
1, 0.0303701303998, 0.999993302986
-1, 0.0156052162626, 0.999997593156
-1, 1.86542230503e-107, 0.999998577456
-1, 0.0, 0.999996075307
-1, 0.0, 0.999995681074
-1, 0.0, 0.999994488332
-1, 0.0, 0.999994315138
-1, 0.0, 0.999990926023
-1, 0.0, 0.999990088853
-1, 0.0, 0.999938181515
1, 0.0714590921525, 0.999993302986
-1, 0.047336451208, 0.999997593156
-1, 9.10371130715e-101, 0.999998577456
-1, 0.0, 0.999996075307
-1, 0.0, 0.999995681074
-1, 0.0, 0.999994488332
-1, 0.0, 0.999994315138
-1, 0.0, 0.999990926023
-1, 0.0, 0.999990088853
-1, 0.0, 0.999938181515
-1, 0.00729710628266, 0.999997593156
1, 0.00688486052673, 0.999993302986
-1, 9.7816485736e-85, 0.999998577456
-1, 0.0, 0.999996075307
-1, 0.0, 0.999995681074
-1, 0.0, 0.999994488332
-1, 0.0, 0.999994315138
-1, 0.0, 0.999990926023
-1, 0.0, 0.999990088853
-1, 0.0, 0.999938181515
1, 0.0700314780494, 0.999996424624
-1, 2.63075537527e-06, 0.999991430772
-1, 1.54580834773e-47, 0.999997652453
-1, 0.0, 0.99999461505
-1, 0.0, 0.99999415488
-1, 0.0, 0.999992779173
-1, 0.0, 0.99999258113
-1, 0.0, 0.999988765644
-1, 4.26413902566e-255, 0.999987836213
-1, 0.0, 0.999932728364
1, 0.0649777066928, 0.999996424624
-1, 1.45646207794e-27, 0.999997652453
-1, 0.0, 0.99999461505
-1, 0.0, 0.99999415488
-1, 0.0, 0.999992779173
-1, 0.0, 0.99999258113
-1, 1.44151559992e-16, 0.999991430772
-1, 0.0, 0.999988765644
-1, 1.01061938837e-204, 0.999987836213
-1, 0.0, 0.999932728364
1, 0.0132218686318, 0.999996424624
-1, 2.36769086207e-16, 0.999997652453
-1, 0.0, 0.99999461505
-1, 0.0, 0.99999415488
-1, 0.0, 0.999992779173
-1, 0.0, 0.99999258113
-1, 9.89762438083e-28, 0.999991430772
-1, 0.0, 0.999988765644
-1, 5.20712714914e-171, 0.999987836213
-1, 0.0, 0.999932728364
1, 0.0216512882309, 0.999996424624
-1, 2.29018700012e-09, 0.999997652453
-1, 0.0, 0.99999461505
-1, 0.0, 0.99999415488
-1, 0.0, 0.999992779173
-1, 0.0, 0.99999258113
-1, 1.7332418654e-39, 0.999991430772
-1, 0.0, 0.999988765644
-1, 3.89339416631e-145, 0.999987836213
-1, 0.0, 0.999932728364
1, 0.0890651821454, 0.999996424624
-1, 0.0135079218455, 0.999997652453
-1, 0.0, 0.99999461505
-1, 0.0, 0.99999415488
-1, 0.0, 0.999992779173
-1, 0.0, 0.99999258113
-1, 3.01262363255e-65, 0.999991430772
-1, 0.0, 0.999988765644
-1, 2.65660864944e-105, 0.999987836213
-1, 0.0, 0.999932728364
-1, 0.0860466916428, 0.999999780181
1, 0.0858672159942, 0.999999987866
-1, 0.0, 0.9999998979
-1, 0.0, 0.999999826402
-1, 0.0, 0.999999529208
-1, 0.0, 0.999999477642
-1, 4.86631692013e-84, 0.999999141953
-1, 0.0, 0.999998175461
-1, 5.02481144011e-84, 0.999997789876
-1, 0.0, 0.999961548082
1, 0.080899569714, 0.999998512193
-1, 0.021073205126, 0.999997508486
-1, 4.55517712496e-292, 0.999995967388
-1, 0.0, 0.999995567901
-1, 0.0, 0.999994360578
-1, 0.0, 0.999994185404
-1, 2.97411077829e-105, 0.999993162238
-1, 0.0, 0.999990762311
-1, 3.59507888321e-65, 0.999989917788
-1, 0.0, 0.999937755396
1, 0.0594531014273, 0.999998512193
-1, 7.29797589593e-06, 0.999997508486
-1, 1.33438883617e-253, 0.999995967388
-1, 0.0, 0.999995567901
-1, 0.0, 0.999994360578
-1, 0.0, 0.999994185404
-1, 2.31930040129e-130, 0.999993162238
-1, 0.0, 0.999990762311
-1, 8.60615193078e-48, 0.999989917788
-1, 0.0, 0.999937755396
1, 0.0656431868226, 0.999998512193
-1, 2.29279856018e-11, 0.999997508486
-1, 7.58938310878e-222, 0.999995967388
-1, 0.0, 0.999995567901
-1, 0.0, 0.999994360578
-1, 0.0, 0.999994185404
-1, 6.08220919071e-155, 0.999993162238
-1, 0.0, 0.999990762311
-1, 9.77013994306e-35, 0.999989917788
-1, 0.0, 0.999937755396
1, 0.0362624839279, 0.999998512193
-1, 3.89776205314e-20, 0.999997508486
-1, 1.60781115908e-188, 0.999995967388
-1, 0.0, 0.999995567901
-1, 0.0, 0.999994360578
-1, 0.0, 0.999994185404
-1, 3.40621600521e-185, 0.999993162238
-1, 0.0, 0.999990762311
-1, 1.60110970436e-22, 0.999989917788
-1, 0.0, 0.999937755396
1, 0.0904978019179, 0.999998512193
-1, 2.5962547924e-39, 0.999997508486
-1, 1.26033959003e-142, 0.999995967388
-1, 0.0, 0.999995567901
-1, 0.0, 0.999994360578
-1, 0.0, 0.999994185404
-1, 1.71344624179e-237, 0.999993162238
-1, 0.0, 0.999990762311
-1, 2.636273022e-09, 0.999989917788
-1, 0.0, 0.999937755396
1, 0.0733149795127, 0.999998512193
-1, 0.00081512303954, 0.999989917788
-1, 6.321910609e-56, 0.999997508486
-1, 1.07233493447e-114, 0.999995967388
-1, 0.0, 0.999995567901
-1, 0.0, 0.999994360578
-1, 0.0, 0.999994185404
-1, 9.28852833983e-277, 0.999993162238
-1, 0.0, 0.999990762311
-1, 0.0, 0.999937755396
1, 0.0779104765669, 0.999998512193
-1, 0.0734566709265, 0.999989917788
-1, 2.53099594415e-72, 0.999997508486
-1, 9.63779543807e-94, 0.999995967388
-1, 0.0, 0.999995567901
-1, 0.0, 0.999994360578
-1, 0.0, 0.999994185404
-1, 3.88095921736e-312, 0.999993162238
-1, 0.0, 0.999990762311
-1, 0.0, 0.999937755396
-1, 0.0672838537192, 0.999997473969
1, 0.0106921590728, 0.999999865936
-1, 0.0, 0.999999962289
-1, 0.0, 0.999999946983
-1, 0.0, 0.999999841789
-1, 0.0, 0.999999811333
-1, 0.0, 0.999999504594
-1, 3.0870419449e-69, 0.999999358448
-1, 3.63103496023e-97, 0.999998485492
-1, 0.0, 0.999974188748
1, 0.0649336713801, 0.999999865936
-1, 0.0, 0.999999962289
-1, 0.0, 0.999999946983
-1, 0.0, 0.999999841789
-1, 0.0, 0.999999811333
-1, 0.0, 0.999999504594
-1, 6.65454664892e-42, 0.999999358448
-1, 2.47251368474e-137, 0.999998485492
-1, 1.23304158751e-07, 0.999997473969
-1, 0.0, 0.999974188748
1, 0.011915396486, 0.999999865936
-1, 0.0, 0.999999962289
-1, 0.0, 0.999999946983
-1, 0.0, 0.999999841789
-1, 0.0, 0.999999811333
-1, 0.0, 0.999999504594
-1, 1.28072665091e-27, 0.999999358448
-1, 1.39619337217e-167, 0.999998485492
-1, 2.44345457635e-15, 0.999997473969
-1, 0.0, 0.999974188748
1, 0.078021394488, 0.999999865936
-1, 0.0, 0.999999962289
-1, 0.0, 0.999999946983
-1, 7.68087886877e-289, 0.999999841789
-1, 0.0, 0.999999811333
-1, 0.0, 0.999999504594
-1, 5.95034225001e-12, 0.999999358448
-1, 2.37379005413e-219, 0.999998485492
-1, 4.89218464039e-33, 0.999997473969
-1, 0.0, 0.999974188748
1, 0.0337088925894, 0.999999865936
-1, 2.2953617922e-05, 0.999999358448
-1, 0.0, 0.999999962289
-1, 0.0, 0.999999946983
-1, 1.73762273553e-248, 0.999999841789
-1, 0.0, 0.999999811333
-1, 0.0, 0.999999504594
-1, 3.37867564918e-257, 0.999998485492
-1, 2.06370565632e-48, 0.999997473969
-1, 0.0, 0.999974188748
-1, 0.054471742198, 0.999999358448
1, 0.0469418819471, 0.999999865936
-1, 0.0, 0.999999962289
-1, 0.0, 0.999999946983
-1, 2.48192148879e-209, 0.999999841789
-1, 0.0, 0.999999811333
-1, 0.0, 0.999999504594
-1, 1.86381300374e-300, 0.999998485492
-1, 5.35578011636e-68, 0.999997473969
-1, 0.0, 0.999974188748
1, 0.0698716087985, 0.999998410223
-1, 0.0378825060807, 0.999999991212
-1, 0.0, 0.999999947265
-1, 0.0, 0.99999957217
-1, 2.57673450475e-162, 0.999999264433
-1, 0.0, 0.999999200312
-1, 0.0, 0.999998645698
-1, 0.0, 0.99999714205
-1, 1.80786251848e-99, 0.999995800604
-1, 0.0, 0.99997865016
1, 0.00232631089593, 0.999998410223
-1, 8.84904985402e-06, 0.999999991212
-1, 0.0, 0.999999947265
-1, 0.0, 0.99999957217
-1, 5.9763724743e-131, 0.999999264433
-1, 4.16080968455e-311, 0.999999200312
-1, 0.0, 0.999998645698
-1, 0.0, 0.99999714205
-1, 7.41195196975e-127, 0.999995800604
-1, 0.0, 0.99997865016
1, 0.0726142892084, 0.99999970741
-1, 0.0, 0.999999995662
-1, 4.3322010638e-103, 0.999999981038
-1, 3.85453611313e-267, 0.999999969618
-1, 0.0, 0.999999803045
-1, 0.0, 0.999999759598
-1, 4.47029051255e-13, 0.999999607871
-1, 0.0, 0.999999057937
-1, 9.49465289119e-158, 0.999998232973
-1, 0.0, 0.99997147876
1, 0.022856027934, 0.99999970741
-1, 0.0, 0.999999995662
-1, 1.09666186099e-67, 0.999999981038
-1, 9.62891116989e-208, 0.999999969618
-1, 0.0, 0.999999803045
-1, 0.0, 0.999999759598
-1, 4.12450280725e-30, 0.999999607871
-1, 0.0, 0.999999057937
-1, 7.77132424709e-210, 0.999998232973
-1, 0.0, 0.99997147876
1, 0.0825243146858, 0.999998653223
-1, 6.35739180959e-46, 0.999999999956
-1, 0.0, 0.999999983286
-1, 0.0, 0.999999693382
-1, 2.95680000227e-48, 0.999999426504
-1, 3.42919354673e-172, 0.999999369729
-1, 0.0, 0.999998869205
-1, 0.0, 0.999997471293
-1, 3.8070139681e-249, 0.999996201841
-1, 0.0, 0.999977712688
1, 0.0904075153518, 0.999997242595
-1, 5.37371557619e-63, 0.99999975653
-1, 0.0, 0.999999603956
-1, 0.0, 0.999998889574
-1, 1.09440971764e-33, 0.999998419116
-1, 3.85940986491e-143, 0.999998325738
-1, 0.0, 0.999997555703
-1, 0.0, 0.999995630952
-1, 2.62475621077e-287, 0.99999400278
-1, 0.0, 0.9999821839
1, 0.0897400621572, 0.999997242595
-1, 2.69630353063e-80, 0.99999975653
-1, 0.0, 0.999999603956
-1, 0.0, 0.999998889574
-1, 5.89968707672e-23, 0.999998419116
-1, 1.46143415548e-119, 0.999998325738
-1, 0.0, 0.999997555703
-1, 0.0, 0.999995630952
-1, 2.96439387505e-323, 0.99999400278
-1, 0.0, 0.9999821839
1, 0.0884647952871, 0.999997242595
-1, 9.88352532725e-100, 0.99999975653
-1, 0.0, 0.999999603956
-1, 0.0, 0.999998889574
-1, 2.24341217242e-14, 0.999998419116
-1, 4.06009321934e-98, 0.999998325738
-1, 0.0, 0.999997555703
-1, 0.0, 0.999995630952
-1, 0.0, 0.99999400278
-1, 0.0, 0.9999821839
1, 0.0648180754357, 0.999997242595
-1, 2.53297102848e-118, 0.99999975653
-1, 0.0, 0.999999603956
-1, 0.0, 0.999998889574
-1, 1.40995186874e-08, 0.999998419116
-1, 4.41067593988e-81, 0.999998325738
-1, 0.0, 0.999997555703
-1, 0.0, 0.999995630952
-1, 0.0, 0.99999400278
-1, 0.0, 0.9999821839
1, 0.0902955406942, 0.999997242595
-1, 8.04283446785e-123, 0.99999975653
-1, 0.0, 0.999999603956
-1, 0.0, 0.999998889574
-1, 1.11146784512e-07, 0.999998419116
-1, 1.05837683567e-77, 0.999998325738
-1, 0.0, 0.999997555703
-1, 0.0, 0.999995630952
-1, 0.0, 0.99999400278
-1, 0.0, 0.9999821839
1, 0.0589263157318, 0.999997242595
-1, 0.000437625699946, 0.999998419116
-1, 9.22234722828e-142, 0.99999975653
-1, 0.0, 0.999999603956
-1, 0.0, 0.999998889574
-1, 1.21165744452e-63, 0.999998325738
-1, 0.0, 0.999997555703
-1, 0.0, 0.999995630952
-1, 0.0, 0.99999400278
-1, 0.0, 0.9999821839
1, 0.0737604986321, 0.999997242595
-1, 0.000662307199013, 0.999998419116
-1, 2.24441346848e-143, 0.99999975653
-1, 0.0, 0.999999603956
-1, 0.0, 0.999998889574
-1, 1.24621588733e-62, 0.999998325738
-1, 0.0, 0.999997555703
-1, 0.0, 0.999995630952
-1, 0.0, 0.99999400278
-1, 0.0, 0.9999821839
1, 0.0737604986321, 0.999997242595
-1, 0.000662307199013, 0.999998419116
-1, 2.24441346848e-143, 0.99999975653
-1, 0.0, 0.999999603956
-1, 0.0, 0.999998889574
-1, 1.24621588733e-62, 0.999998325738
-1, 0.0, 0.999997555703
-1, 0.0, 0.999995630952
-1, 0.0, 0.99999400278
-1, 0.0, 0.9999821839
1, 0.0737604986321, 0.999997242595
-1, 0.000662307199013, 0.999998419116
-1, 2.24441346848e-143, 0.99999975653
-1, 0.0, 0.999999603956
-1, 0.0, 0.999998889574
-1, 1.24621588733e-62, 0.999998325738
-1, 0.0, 0.999997555703
-1, 0.0, 0.999995630952
-1, 0.0, 0.99999400278
-1, 0.0, 0.9999821839
1, 0.0589263157318, 0.999997242595
-1, 0.000437625699946, 0.999998419116
-1, 9.22234722828e-142, 0.99999975653
-1, 0.0, 0.999999603956
-1, 0.0, 0.999998889574
-1, 1.21165744452e-63, 0.999998325738
-1, 0.0, 0.999997555703
-1, 0.0, 0.999995630952
-1, 0.0, 0.99999400278
-1, 0.0, 0.9999821839
1, 0.0402275803537, 0.999997242595
-1, 0.000277033208873, 0.999998419116
-1, 3.6271620913e-140, 0.99999975653
-1, 0.0, 0.999999603956
-1, 0.0, 0.999998889574
-1, 1.12761286967e-64, 0.999998325738
-1, 0.0, 0.999997555703
-1, 0.0, 0.999995630952
-1, 0.0, 0.99999400278
-1, 0.0, 0.9999821839
1, 0.0402275803537, 0.999997242595
-1, 0.000277033208873, 0.999998419116
-1, 3.6271620913e-140, 0.99999975653
-1, 0.0, 0.999999603956
-1, 0.0, 0.999998889574
-1, 1.12761286967e-64, 0.999998325738
-1, 0.0, 0.999997555703
-1, 0.0, 0.999995630952
-1, 0.0, 0.99999400278
-1, 0.0, 0.9999821839
1, 0.0402275803537, 0.999997242595
-1, 0.000277033208873, 0.999998419116
-1, 3.6271620913e-140, 0.99999975653
-1, 0.0, 0.999999603956
-1, 0.0, 0.999998889574
-1, 1.12761286967e-64, 0.999998325738
-1, 0.0, 0.999997555703
-1, 0.0, 0.999995630952
-1, 0.0, 0.99999400278
-1, 0.0, 0.9999821839
1, 0.0402275803537, 0.999997242595
-1, 0.000277033208873, 0.999998419116
-1, 3.6271620913e-140, 0.99999975653
-1, 0.0, 0.999999603956
-1, 0.0, 0.999998889574
-1, 1.12761286967e-64, 0.999998325738
-1, 0.0, 0.999997555703
-1, 0.0, 0.999995630952
-1, 0.0, 0.99999400278
-1, 0.0, 0.9999821839
1, 0.0402275803537, 0.999997242595
-1, 0.000277033208873, 0.999998419116
-1, 3.6271620913e-140, 0.99999975653
-1, 0.0, 0.999999603956
-1, 0.0, 0.999998889574
-1, 1.12761286967e-64, 0.999998325738
-1, 0.0, 0.999997555703
-1, 0.0, 0.999995630952
-1, 0.0, 0.99999400278
-1, 0.0, 0.9999821839
1, 0.0402275803537, 0.999997242595
-1, 0.000277033208873, 0.999998419116
-1, 3.6271620913e-140, 0.99999975653
-1, 0.0, 0.999999603956
-1, 0.0, 0.999998889574
-1, 1.12761286967e-64, 0.999998325738
-1, 0.0, 0.999997555703
-1, 0.0, 0.999995630952
-1, 0.0, 0.99999400278
-1, 0.0, 0.9999821839
1, 0.0402275803537, 0.999997242595
-1, 0.000277033208873, 0.999998419116
-1, 3.6271620913e-140, 0.99999975653
-1, 0.0, 0.999999603956
-1, 0.0, 0.999998889574
-1, 1.12761286967e-64, 0.999998325738
-1, 0.0, 0.999997555703
-1, 0.0, 0.999995630952
-1, 0.0, 0.99999400278
-1, 0.0, 0.9999821839
1, 0.0402275803537, 0.999997242595
-1, 0.000277033208873, 0.999998419116
-1, 3.6271620913e-140, 0.99999975653
-1, 0.0, 0.999999603956
-1, 0.0, 0.999998889574
-1, 1.12761286967e-64, 0.999998325738
-1, 0.0, 0.999997555703
-1, 0.0, 0.999995630952
-1, 0.0, 0.99999400278
-1, 0.0, 0.9999821839
1, 0.0402275803537, 0.999997242595
-1, 0.000277033208873, 0.999998419116
-1, 3.6271620913e-140, 0.99999975653
-1, 0.0, 0.999999603956
-1, 0.0, 0.999998889574
-1, 1.12761286967e-64, 0.999998325738
-1, 0.0, 0.999997555703
-1, 0.0, 0.999995630952
-1, 0.0, 0.99999400278
-1, 0.0, 0.9999821839
1, 0.0402275803537, 0.999997242595
-1, 0.000277033208873, 0.999998419116
-1, 3.6271620913e-140, 0.99999975653
-1, 0.0, 0.999999603956
-1, 0.0, 0.999998889574
-1, 1.12761286967e-64, 0.999998325738
-1, 0.0, 0.999997555703
-1, 0.0, 0.999995630952
-1, 0.0, 0.99999400278
-1, 0.0, 0.9999821839
1, 0.0402275803537, 0.999997242595
-1, 0.000277033208873, 0.999998419116
-1, 3.6271620913e-140, 0.99999975653
-1, 0.0, 0.999999603956
-1, 0.0, 0.999998889574
-1, 1.12761286967e-64, 0.999998325738
-1, 0.0, 0.999997555703
-1, 0.0, 0.999995630952
-1, 0.0, 0.99999400278
-1, 0.0, 0.9999821839
1, 0.0402275803537, 0.999997242595
-1, 0.000277033208873, 0.999998419116
-1, 3.6271620913e-140, 0.99999975653
-1, 0.0, 0.999999603956
-1, 0.0, 0.999998889574
-1, 1.12761286967e-64, 0.999998325738
-1, 0.0, 0.999997555703
-1, 0.0, 0.999995630952
-1, 0.0, 0.99999400278
-1, 0.0, 0.9999821839
1, 0.0402275803537, 0.999997242595
-1, 0.000277033208873, 0.999998419116
-1, 3.6271620913e-140, 0.99999975653
-1, 0.0, 0.999999603956
-1, 0.0, 0.999998889574
-1, 1.12761286967e-64, 0.999998325738
-1, 0.0, 0.999997555703
-1, 0.0, 0.999995630952
-1, 0.0, 0.99999400278
-1, 0.0, 0.9999821839
1, 0.0402275803537, 0.999997242595
-1, 0.000277033208873, 0.999998419116
-1, 3.6271620913e-140, 0.99999975653
-1, 0.0, 0.999999603956
-1, 0.0, 0.999998889574
-1, 1.12761286967e-64, 0.999998325738
-1, 0.0, 0.999997555703
-1, 0.0, 0.999995630952
-1, 0.0, 0.99999400278
-1, 0.0, 0.9999821839
1, 0.0402275803537, 0.999997242595
-1, 0.000277033208873, 0.999998419116
-1, 3.6271620913e-140, 0.99999975653
-1, 0.0, 0.999999603956
-1, 0.0, 0.999998889574
-1, 1.12761286967e-64, 0.999998325738
-1, 0.0, 0.999997555703
-1, 0.0, 0.999995630952
-1, 0.0, 0.99999400278
-1, 0.0, 0.9999821839
1, 0.0402275803537, 0.999997242595
-1, 0.000277033208873, 0.999998419116
-1, 3.6271620913e-140, 0.99999975653
-1, 0.0, 0.999999603956
-1, 0.0, 0.999998889574
-1, 1.12761286967e-64, 0.999998325738
-1, 0.0, 0.999997555703
-1, 0.0, 0.999995630952
-1, 0.0, 0.99999400278
-1, 0.0, 0.9999821839
1, 0.0402275803537, 0.999997242595
-1, 0.000277033208873, 0.999998419116
-1, 3.6271620913e-140, 0.99999975653
-1, 0.0, 0.999999603956
-1, 0.0, 0.999998889574
-1, 1.12761286967e-64, 0.999998325738
-1, 0.0, 0.999997555703
-1, 0.0, 0.999995630952
-1, 0.0, 0.99999400278
-1, 0.0, 0.9999821839
1, 0.0402275803537, 0.999997242595
-1, 0.000277033208873, 0.999998419116
-1, 3.6271620913e-140, 0.99999975653
-1, 0.0, 0.999999603956
-1, 0.0, 0.999998889574
-1, 1.12761286967e-64, 0.999998325738
-1, 0.0, 0.999997555703
-1, 0.0, 0.999995630952
-1, 0.0, 0.99999400278
-1, 0.0, 0.9999821839
1, 0.0402275803537, 0.999997242595
-1, 0.000277033208873, 0.999998419116
-1, 3.6271620913e-140, 0.99999975653
-1, 0.0, 0.999999603956
-1, 0.0, 0.999998889574
-1, 1.12761286967e-64, 0.999998325738
-1, 0.0, 0.999997555703
-1, 0.0, 0.999995630952
-1, 0.0, 0.99999400278
-1, 0.0, 0.9999821839
1, 0.0402275803537, 0.999997242595
-1, 0.000277033208873, 0.999998419116
-1, 3.6271620913e-140, 0.99999975653
-1, 0.0, 0.999999603956
-1, 0.0, 0.999998889574
-1, 1.12761286967e-64, 0.999998325738
-1, 0.0, 0.999997555703
-1, 0.0, 0.999995630952
-1, 0.0, 0.99999400278
-1, 0.0, 0.9999821839
1, 0.0402275803537, 0.999997242595
-1, 0.000277033208873, 0.999998419116
-1, 3.6271620913e-140, 0.99999975653
-1, 0.0, 0.999999603956
-1, 0.0, 0.999998889574
-1, 1.12761286967e-64, 0.999998325738
-1, 0.0, 0.999997555703
-1, 0.0, 0.999995630952
-1, 0.0, 0.99999400278
-1, 0.0, 0.9999821839
1, 0.0402275803537, 0.999997242595
-1, 0.000277033208873, 0.999998419116
-1, 3.6271620913e-140, 0.99999975653
-1, 0.0, 0.999999603956
-1, 0.0, 0.999998889574
-1, 1.12761286967e-64, 0.999998325738
-1, 0.0, 0.999997555703
-1, 0.0, 0.999995630952
-1, 0.0, 0.99999400278
-1, 0.0, 0.9999821839
1, 0.0402275803537, 0.999997242595
-1, 0.000277033208873, 0.999998419116
-1, 3.6271620913e-140, 0.99999975653
-1, 0.0, 0.999999603956
-1, 0.0, 0.999998889574
-1, 1.12761286967e-64, 0.999998325738
-1, 0.0, 0.999997555703
-1, 0.0, 0.999995630952
-1, 0.0, 0.99999400278
-1, 0.0, 0.9999821839
1, 0.0402275803537, 0.999997242595
-1, 0.000277033208873, 0.999998419116
-1, 3.6271620913e-140, 0.99999975653
-1, 0.0, 0.999999603956
-1, 0.0, 0.999998889574
-1, 1.12761286967e-64, 0.999998325738
-1, 0.0, 0.999997555703
-1, 0.0, 0.999995630952
-1, 0.0, 0.99999400278
-1, 0.0, 0.9999821839
1, 0.0402275803537, 0.999997242595
-1, 0.000277033208873, 0.999998419116
-1, 3.6271620913e-140, 0.99999975653
-1, 0.0, 0.999999603956
-1, 0.0, 0.999998889574
-1, 1.12761286967e-64, 0.999998325738
-1, 0.0, 0.999997555703
-1, 0.0, 0.999995630952
-1, 0.0, 0.99999400278
-1, 0.0, 0.9999821839
1, 0.0402275803537, 0.999997242595
-1, 0.000277033208873, 0.999998419116
-1, 3.6271620913e-140, 0.99999975653
-1, 0.0, 0.999999603956
-1, 0.0, 0.999998889574
-1, 1.12761286967e-64, 0.999998325738
-1, 0.0, 0.999997555703
-1, 0.0, 0.999995630952
-1, 0.0, 0.99999400278
-1, 0.0, 0.9999821839
1, 0.0402275803537, 0.999997242595
-1, 0.000277033208873, 0.999998419116
-1, 3.6271620913e-140, 0.99999975653
-1, 0.0, 0.999999603956
-1, 0.0, 0.999998889574
-1, 1.12761286967e-64, 0.999998325738
-1, 0.0, 0.999997555703
-1, 0.0, 0.999995630952
-1, 0.0, 0.99999400278
-1, 0.0, 0.9999821839
1, 0.0402275803537, 0.999997242595
-1, 0.000277033208873, 0.999998419116
-1, 3.6271620913e-140, 0.99999975653
-1, 0.0, 0.999999603956
-1, 0.0, 0.999998889574
-1, 1.12761286967e-64, 0.999998325738
-1, 0.0, 0.999997555703
-1, 0.0, 0.999995630952
-1, 0.0, 0.99999400278
-1, 0.0, 0.9999821839
1, 0.0737604986321, 0.999997242595
-1, 0.000662307199013, 0.999998419116
-1, 2.24441346848e-143, 0.99999975653
-1, 0.0, 0.999999603956
-1, 0.0, 0.999998889574
-1, 1.24621588733e-62, 0.999998325738
-1, 0.0, 0.999997555703
-1, 0.0, 0.999995630952
-1, 0.0, 0.99999400278
-1, 0.0, 0.9999821839
1, 0.0737604986321, 0.999997242595
-1, 0.000662307199013, 0.999998419116
-1, 2.24441346848e-143, 0.99999975653
-1, 0.0, 0.999999603956
-1, 0.0, 0.999998889574
-1, 1.24621588733e-62, 0.999998325738
-1, 0.0, 0.999997555703
-1, 0.0, 0.999995630952
-1, 0.0, 0.99999400278
-1, 0.0, 0.9999821839
1, 0.0737604986321, 0.999997242595
-1, 0.000662307199013, 0.999998419116
-1, 2.24441346848e-143, 0.99999975653
-1, 0.0, 0.999999603956
-1, 0.0, 0.999998889574
-1, 1.24621588733e-62, 0.999998325738
-1, 0.0, 0.999997555703
-1, 0.0, 0.999995630952
-1, 0.0, 0.99999400278
-1, 0.0, 0.9999821839
1, 0.0737604986321, 0.999997242595
-1, 0.000662307199013, 0.999998419116
-1, 2.24441346848e-143, 0.99999975653
-1, 0.0, 0.999999603956
-1, 0.0, 0.999998889574
-1, 1.24621588733e-62, 0.999998325738
-1, 0.0, 0.999997555703
-1, 0.0, 0.999995630952
-1, 0.0, 0.99999400278
-1, 0.0, 0.9999821839
1, 0.0737604986321, 0.999997242595
-1, 0.000662307199013, 0.999998419116
-1, 2.24441346848e-143, 0.99999975653
-1, 0.0, 0.999999603956
-1, 0.0, 0.999998889574
-1, 1.24621588733e-62, 0.999998325738
-1, 0.0, 0.999997555703
-1, 0.0, 0.999995630952
-1, 0.0, 0.99999400278
-1, 0.0, 0.9999821839
1, 0.0737604986321, 0.999997242595
-1, 0.000662307199013, 0.999998419116
-1, 2.24441346848e-143, 0.99999975653
-1, 0.0, 0.999999603956
-1, 0.0, 0.999998889574
-1, 1.24621588733e-62, 0.999998325738
-1, 0.0, 0.999997555703
-1, 0.0, 0.999995630952
-1, 0.0, 0.99999400278
-1, 0.0, 0.9999821839
1, 0.0737604986321, 0.999997242595
-1, 0.000662307199013, 0.999998419116
-1, 2.24441346848e-143, 0.99999975653
-1, 0.0, 0.999999603956
-1, 0.0, 0.999998889574
-1, 1.24621588733e-62, 0.999998325738
-1, 0.0, 0.999997555703
-1, 0.0, 0.999995630952
-1, 0.0, 0.99999400278
-1, 0.0, 0.9999821839
1, 0.0737604986321, 0.999997242595
-1, 0.000662307199013, 0.999998419116
-1, 2.24441346848e-143, 0.99999975653
-1, 0.0, 0.999999603956
-1, 0.0, 0.999998889574
-1, 1.24621588733e-62, 0.999998325738
-1, 0.0, 0.999997555703
-1, 0.0, 0.999995630952
-1, 0.0, 0.99999400278
-1, 0.0, 0.9999821839
1, 0.0737604986321, 0.999997242595
-1, 0.000662307199013, 0.999998419116
-1, 2.24441346848e-143, 0.99999975653
-1, 0.0, 0.999999603956
-1, 0.0, 0.999998889574
-1, 1.24621588733e-62, 0.999998325738
-1, 0.0, 0.999997555703
-1, 0.0, 0.999995630952
-1, 0.0, 0.99999400278
-1, 0.0, 0.9999821839
1, 0.0840241996387, 0.999997242595
-1, 0.000960617817903, 0.999998419116
-1, 5.22818321188e-145, 0.99999975653
-1, 0.0, 0.999999603956
-1, 0.0, 0.999998889574
-1, 1.22687884184e-61, 0.999998325738
-1, 0.0, 0.999997555703
-1, 0.0, 0.999995630952
-1, 0.0, 0.99999400278
-1, 0.0, 0.9999821839
1, 0.0737604986321, 0.999997242595
-1, 0.000662307199013, 0.999998419116
-1, 2.24441346848e-143, 0.99999975653
-1, 0.0, 0.999999603956
-1, 0.0, 0.999998889574
-1, 1.24621588733e-62, 0.999998325738
-1, 0.0, 0.999997555703
-1, 0.0, 0.999995630952
-1, 0.0, 0.99999400278
-1, 0.0, 0.9999821839
1, 0.0737604986321, 0.999997242595
-1, 0.000662307199013, 0.999998419116
-1, 2.24441346848e-143, 0.99999975653
-1, 0.0, 0.999999603956
-1, 0.0, 0.999998889574
-1, 1.24621588733e-62, 0.999998325738
-1, 0.0, 0.999997555703
-1, 0.0, 0.999995630952
-1, 0.0, 0.99999400278
-1, 0.0, 0.9999821839
1, 0.0737604986321, 0.999997242595
-1, 0.000662307199013, 0.999998419116
-1, 2.24441346848e-143, 0.99999975653
-1, 0.0, 0.999999603956
-1, 0.0, 0.999998889574
-1, 1.24621588733e-62, 0.999998325738
-1, 0.0, 0.999997555703
-1, 0.0, 0.999995630952
-1, 0.0, 0.99999400278
-1, 0.0, 0.9999821839
1, 0.0737604986321, 0.999997242595
-1, 0.000662307199013, 0.999998419116
-1, 2.24441346848e-143, 0.99999975653
-1, 0.0, 0.999999603956
-1, 0.0, 0.999998889574
-1, 1.24621588733e-62, 0.999998325738
-1, 0.0, 0.999997555703
-1, 0.0, 0.999995630952
-1, 0.0, 0.99999400278
-1, 0.0, 0.9999821839
1, 0.0737604986321, 0.999997242595
-1, 0.000662307199013, 0.999998419116
-1, 2.24441346848e-143, 0.99999975653
-1, 0.0, 0.999999603956
-1, 0.0, 0.999998889574
-1, 1.24621588733e-62, 0.999998325738
-1, 0.0, 0.999997555703
-1, 0.0, 0.999995630952
-1, 0.0, 0.99999400278
-1, 0.0, 0.9999821839
1, 0.0737604986321, 0.999997242595
-1, 0.000662307199013, 0.999998419116
-1, 2.24441346848e-143, 0.99999975653
-1, 0.0, 0.999999603956
-1, 0.0, 0.999998889574
-1, 1.24621588733e-62, 0.999998325738
-1, 0.0, 0.999997555703
-1, 0.0, 0.999995630952
-1, 0.0, 0.99999400278
-1, 0.0, 0.9999821839
1, 0.0737604986321, 0.999997242595
-1, 0.000662307199013, 0.999998419116
-1, 2.24441346848e-143, 0.99999975653
-1, 0.0, 0.999999603956
-1, 0.0, 0.999998889574
-1, 1.24621588733e-62, 0.999998325738
-1, 0.0, 0.999997555703
-1, 0.0, 0.999995630952
-1, 0.0, 0.99999400278
-1, 0.0, 0.9999821839
1, 0.0737604986321, 0.999997242595
-1, 0.000662307199013, 0.999998419116
-1, 2.24441346848e-143, 0.99999975653
-1, 0.0, 0.999999603956
-1, 0.0, 0.999998889574
-1, 1.24621588733e-62, 0.999998325738
-1, 0.0, 0.999997555703
-1, 0.0, 0.999995630952
-1, 0.0, 0.99999400278
-1, 0.0, 0.9999821839
1, 0.0737604986321, 0.999997242595
-1, 0.000662307199013, 0.999998419116
-1, 2.24441346848e-143, 0.99999975653
-1, 0.0, 0.999999603956
-1, 0.0, 0.999998889574
-1, 1.24621588733e-62, 0.999998325738
-1, 0.0, 0.999997555703
-1, 0.0, 0.999995630952
-1, 0.0, 0.99999400278
-1, 0.0, 0.9999821839
1, 0.0737604986321, 0.999997242595
-1, 0.000662307199013, 0.999998419116
-1, 2.24441346848e-143, 0.99999975653
-1, 0.0, 0.999999603956
-1, 0.0, 0.999998889574
-1, 1.24621588733e-62, 0.999998325738
-1, 0.0, 0.999997555703
-1, 0.0, 0.999995630952
-1, 0.0, 0.99999400278
-1, 0.0, 0.9999821839
1, 0.0737604986321, 0.999997242595
-1, 0.000662307199013, 0.999998419116
-1, 2.24441346848e-143, 0.99999975653
-1, 0.0, 0.999999603956
-1, 0.0, 0.999998889574
-1, 1.24621588733e-62, 0.999998325738
-1, 0.0, 0.999997555703
-1, 0.0, 0.999995630952
-1, 0.0, 0.99999400278
-1, 0.0, 0.9999821839
1, 0.0737604986321, 0.999997242595
-1, 0.000662307199013, 0.999998419116
-1, 2.24441346848e-143, 0.99999975653
-1, 0.0, 0.999999603956
-1, 0.0, 0.999998889574
-1, 1.24621588733e-62, 0.999998325738
-1, 0.0, 0.999997555703
-1, 0.0, 0.999995630952
-1, 0.0, 0.99999400278
-1, 0.0, 0.9999821839
1, 0.0737604986321, 0.999997242595
-1, 0.000662307199013, 0.999998419116
-1, 2.24441346848e-143, 0.99999975653
-1, 0.0, 0.999999603956
-1, 0.0, 0.999998889574
-1, 1.24621588733e-62, 0.999998325738
-1, 0.0, 0.999997555703
-1, 0.0, 0.999995630952
-1, 0.0, 0.99999400278
-1, 0.0, 0.9999821839
1, 0.0737604986321, 0.999997242595
-1, 0.000662307199013, 0.999998419116
-1, 2.24441346848e-143, 0.99999975653
-1, 0.0, 0.999999603956
-1, 0.0, 0.999998889574
-1, 1.24621588733e-62, 0.999998325738
-1, 0.0, 0.999997555703
-1, 0.0, 0.999995630952
-1, 0.0, 0.99999400278
-1, 0.0, 0.9999821839
1, 0.0737604986321, 0.999997242595
-1, 0.000662307199013, 0.999998419116
-1, 2.24441346848e-143, 0.99999975653
-1, 0.0, 0.999999603956
-1, 0.0, 0.999998889574
-1, 1.24621588733e-62, 0.999998325738
-1, 0.0, 0.999997555703
-1, 0.0, 0.999995630952
-1, 0.0, 0.99999400278
-1, 0.0, 0.9999821839
1, 0.0737604986321, 0.999997242595
-1, 0.000662307199013, 0.999998419116
-1, 2.24441346848e-143, 0.99999975653
-1, 0.0, 0.999999603956
-1, 0.0, 0.999998889574
-1, 1.24621588733e-62, 0.999998325738
-1, 0.0, 0.999997555703
-1, 0.0, 0.999995630952
-1, 0.0, 0.99999400278
-1, 0.0, 0.9999821839
1, 0.0737604986321, 0.999997242595
-1, 0.000662307199013, 0.999998419116
-1, 2.24441346848e-143, 0.99999975653
-1, 0.0, 0.999999603956
-1, 0.0, 0.999998889574
-1, 1.24621588733e-62, 0.999998325738
-1, 0.0, 0.999997555703
-1, 0.0, 0.999995630952
-1, 0.0, 0.99999400278
-1, 0.0, 0.9999821839
1, 0.0737604986321, 0.999997242595
-1, 0.000662307199013, 0.999998419116
-1, 2.24441346848e-143, 0.99999975653
-1, 0.0, 0.999999603956
-1, 0.0, 0.999998889574
-1, 1.24621588733e-62, 0.999998325738
-1, 0.0, 0.999997555703
-1, 0.0, 0.999995630952
-1, 0.0, 0.99999400278
-1, 0.0, 0.9999821839
1, 0.0737604986321, 0.999997242595
-1, 0.000662307199013, 0.999998419116
-1, 2.24441346848e-143, 0.99999975653
-1, 0.0, 0.999999603956
-1, 0.0, 0.999998889574
-1, 1.24621588733e-62, 0.999998325738
-1, 0.0, 0.999997555703
-1, 0.0, 0.999995630952
-1, 0.0, 0.99999400278
-1, 0.0, 0.9999821839
1, 0.0737604986321, 0.999997242595
-1, 0.000662307199013, 0.999998419116
-1, 2.24441346848e-143, 0.99999975653
-1, 0.0, 0.999999603956
-1, 0.0, 0.999998889574
-1, 1.24621588733e-62, 0.999998325738
-1, 0.0, 0.999997555703
-1, 0.0, 0.999995630952
-1, 0.0, 0.99999400278
-1, 0.0, 0.9999821839
1, 0.0737604986321, 0.999997242595
-1, 0.000662307199013, 0.999998419116
-1, 2.24441346848e-143, 0.99999975653
-1, 0.0, 0.999999603956
-1, 0.0, 0.999998889574
-1, 1.24621588733e-62, 0.999998325738
-1, 0.0, 0.999997555703
-1, 0.0, 0.999995630952
-1, 0.0, 0.99999400278
-1, 0.0, 0.9999821839
1, 0.0737604986321, 0.999997242595
-1, 0.000662307199013, 0.999998419116
-1, 2.24441346848e-143, 0.99999975653
-1, 0.0, 0.999999603956
-1, 0.0, 0.999998889574
-1, 1.24621588733e-62, 0.999998325738
-1, 0.0, 0.999997555703
-1, 0.0, 0.999995630952
-1, 0.0, 0.99999400278
-1, 0.0, 0.9999821839
1, 0.0737604986321, 0.999997242595
-1, 0.000662307199013, 0.999998419116
-1, 2.24441346848e-143, 0.99999975653
-1, 0.0, 0.999999603956
-1, 0.0, 0.999998889574
-1, 1.24621588733e-62, 0.999998325738
-1, 0.0, 0.999997555703
-1, 0.0, 0.999995630952
-1, 0.0, 0.99999400278
-1, 0.0, 0.9999821839
1, 0.0737604986321, 0.999997242595
-1, 0.000662307199013, 0.999998419116
-1, 2.24441346848e-143, 0.99999975653
-1, 0.0, 0.999999603956
-1, 0.0, 0.999998889574
-1, 1.24621588733e-62, 0.999998325738
-1, 0.0, 0.999997555703
-1, 0.0, 0.999995630952
-1, 0.0, 0.99999400278
-1, 0.0, 0.9999821839
1, 0.0737604986321, 0.999997242595
-1, 0.000662307199013, 0.999998419116
-1, 2.24441346848e-143, 0.99999975653
-1, 0.0, 0.999999603956
-1, 0.0, 0.999998889574
-1, 1.24621588733e-62, 0.999998325738
-1, 0.0, 0.999997555703
-1, 0.0, 0.999995630952
-1, 0.0, 0.99999400278
-1, 0.0, 0.9999821839
1, 0.0737604986321, 0.999997242595
-1, 0.000662307199013, 0.999998419116
-1, 2.24441346848e-143, 0.99999975653
-1, 0.0, 0.999999603956
-1, 0.0, 0.999998889574
-1, 1.24621588733e-62, 0.999998325738
-1, 0.0, 0.999997555703
-1, 0.0, 0.999995630952
-1, 0.0, 0.99999400278
-1, 0.0, 0.9999821839
1, 0.0737604986321, 0.999997242595
-1, 0.000662307199013, 0.999998419116
-1, 2.24441346848e-143, 0.99999975653
-1, 0.0, 0.999999603956
-1, 0.0, 0.999998889574
-1, 1.24621588733e-62, 0.999998325738
-1, 0.0, 0.999997555703
-1, 0.0, 0.999995630952
-1, 0.0, 0.99999400278
-1, 0.0, 0.9999821839
1, 0.0840241996387, 0.999997242595
-1, 0.000960617817903, 0.999998419116
-1, 5.22818321188e-145, 0.99999975653
-1, 0.0, 0.999999603956
-1, 0.0, 0.999998889574
-1, 1.22687884184e-61, 0.999998325738
-1, 0.0, 0.999997555703
-1, 0.0, 0.999995630952
-1, 0.0, 0.99999400278
-1, 0.0, 0.9999821839
1, 0.0894771954184, 0.999997242595
-1, 0.00133580867618, 0.999998419116
-1, 1.16569492619e-146, 0.99999975653
-1, 0.0, 0.999999603956
-1, 0.0, 0.999998889574
-1, 1.15612946296e-60, 0.999998325738
-1, 0.0, 0.999997555703
-1, 0.0, 0.999995630952
-1, 0.0, 0.99999400278
-1, 0.0, 0.9999821839
1, 0.0871519425554, 0.999997242595
-1, 0.00228029135081, 0.999998419116
-1, 5.08171682986e-150, 0.99999975653
-1, 0.0, 0.999999603956
-1, 0.0, 0.999998889574
-1, 9.00349581713e-59, 0.999998325738
-1, 0.0, 0.999997555703
-1, 0.0, 0.999995630952
-1, 0.0, 0.99999400278
-1, 0.0, 0.9999821839
-1, 0.0726369354602, 0.999998419116
1, 0.0688644735105, 0.999997242595
-1, 4.41729097243e-169, 0.99999975653
-1, 0.0, 0.999999603956
-1, 0.0, 0.999998889574
-1, 1.83177366575e-47, 0.999998325738
-1, 3.11000698143e-144, 0.99999815339
-1, 0.0, 0.999997555703
-1, 0.0, 0.999995630952
-1, 0.0, 0.99999400278
1, 0.090520577534, 0.999997242595
-1, 0.0788584602308, 0.999998419116
-1, 1.94959943137e-174, 0.99999975653
-1, 0.0, 0.999999603956
-1, 0.0, 0.999998889574
-1, 6.09028757857e-45, 0.999998325738
-1, 5.98648822796e-151, 0.99999815339
-1, 0.0, 0.999997555703
-1, 0.0, 0.999995630952
-1, 0.0, 0.99999400278
1, 0.0880983044626, 0.870299747056
-1, 0.0887240046927, 0.837735806466
-1, 0.0775073849119, 0.87317403104
-1, 0.079341165336, 0.849817733108
-1, 0.0775073849119, 0.837438373738
-1, 1.3012224967e-78, 0.999988764781
-1, 4.71386485435e-38, 0.999987987522
-1, 3.01184925529e-31, 0.976383777122
-1, 0.0, 0.949599588429
-1, 0.0, 0.945421725867
-1, 0.0279477300899, 0.999658926191
-1, 0.0224595743169, 0.999763898892
1, 0.022275196757, 0.999799188448
-1, 2.30138576034e-06, 0.993935155818
-1, 2.15597728939e-19, 0.981823263657
-1, 6.39688343017e-37, 0.9487778011
-1, 1.40227547662e-44, 0.863021989119
-1, 1.19549856164e-89, 0.862943584282
-1, 0.0, 0.672744110665
-1, 0.0, 0.663922490718
1, 0.0656989189889, 0.999871930463
-1, 0.0185744114226, 0.994547711156
-1, 0.011350824351, 0.999668052395
-1, 1.64467362259e-10, 0.982889309485
-1, 0.0119760172025, 0.51620052521
-1, 0.011350824351, 0.515397404653
-1, 0.0, 0.531505775228
-1, 0.0, 0.529153745819
-1, 2.09196105275e-76, 0.528046051403
-1, 0.0, 0.526170228911
-1, 0.063446238044, 0.994547711156
1, 0.0141535618029, 0.999871930463
-1, 2.23657030594e-05, 0.999668052395
-1, 8.81419144106e-06, 0.982889309485
-1, 0.0658567706722, 0.998231453956
-1, 0.0112613687402, 0.993959321795
1, 0.0065010450016, 0.999578850549
-1, 3.19007908698e-10, 0.994881630739
-1, 0.074010000801, 0.999009495548
1, 0.00759052241835, 0.999334537756
-1, 0.000607349908327, 0.992207660953
-1, 5.37339523336e-17, 0.986157631491
-1, 0.0844713339216, 0.993603946609
-1, 0.0597057044502, 0.999988135683
-1, 0.0597057044502, 0.97244165951
1, 0.0196168864716, 0.999480982115
-1, 2.47113909197e-11, 0.991880013188
-1, 2.11570035917e-269, 0.990557520913
-1, 7.75425311145e-248, 0.9876743664
-1, 0.0, 0.987674158154
-1, 0.0, 0.987665749484
-1, 0.0, 0.987626901213
-1, 0.0394451025234, 0.998536036764
1, 0.00858177533209, 0.999641635529
-1, 0.00261702910324, 0.990898326155
-1, 0.0052659378614, 0.977284848905
-1, 2.35645912562e-06, 0.994423404451
-1, 1.08991272919e-245, 0.993317347023
-1, 9.90305484139e-221, 0.990857440413
-1, 0.0, 0.990857260772
-1, 0.0, 0.99085000693
-1, 0.0, 0.990816488716
-1, 0.0875018907902, 0.975593523854
-1, 0.0277796298851, 0.99893143171
1, 0.0123320348808, 0.999821646011
-1, 0.00404006009167, 0.993562156489
-1, 1.18764222842e-223, 0.992378036231
-1, 1.08808456517e-06, 0.991926915224
-1, 2.66881193774e-195, 0.989765441481
-1, 0.0, 0.98976525152
-1, 0.0, 0.98975758101
-1, 0.0, 0.989722139678
-1, 0.0873612158836, 0.995408695881
-1, 0.0823297690165, 0.999923707735
-1, 0.028279928478, 0.980469265336
1, 0.0215257956735, 0.989548298676
-1, 1.96930799744e-202, 0.999997303756
-1, 6.06238015835e-173, 0.999849155419
-1, 0.0, 0.999849132239
-1, 0.0, 0.999848194942
-1, 0.0, 0.999843831083
-1, 0.0, 0.999831071475
1, 0.0732194589067, 0.999923707735
-1, 0.0576819377494, 0.980469265336
-1, 0.0308168600957, 0.995408695881
-1, 0.0274996774943, 0.989548298676
-1, 4.26401152409e-163, 0.999997303756
-1, 1.36116419718e-133, 0.999849155419
-1, 0.0, 0.999849132239
-1, 5.30320449025e-284, 0.999848194942
-1, 0.0, 0.999843831083
-1, 0.0, 0.999831071475
1, 0.0803481129626, 0.999923707735
-1, 0.0322389257228, 0.980469265336
-1, 2.41867206267e-145, 0.999997303756
-1, 7.83707220287e-116, 0.999849155419
-1, 0.0, 0.999849132239
-1, 9.14876236895e-258, 0.999848194942
-1, 0.0, 0.999843831083
-1, 0.0, 0.999831071475
-1, 1.26007936569e-289, 0.9997064048
-1, 0.0, 0.999696513024
1, 0.0520329381794, 0.999923707735
-1, 0.00537763749756, 0.980469265336
-1, 5.0255584928e-130, 0.999997303756
-1, 2.95513505369e-98, 0.999849155419
-1, 0.0, 0.999849132239
-1, 3.54929041523e-231, 0.999848194942
-1, 0.0, 0.999843831083
-1, 0.0, 0.999831071475
-1, 5.51220720169e-265, 0.9997064048
-1, 0.0, 0.999696513024
1, 0.085268134752, 0.999698264218
-1, 9.75236648778e-70, 0.99998671092
-1, 0.0, 0.999986704038
-1, 5.78891195572e-186, 0.999986424746
-1, 0.0, 0.999922825812
-1, 0.0, 0.999864125244
-1, 1.21276468149e-05, 0.999708417876
-1, 1.48634856715e-18, 0.987718672346
1, 0.0794169293541, 0.999698264218
-1, 0.00610061931753, 0.999708417876
-1, 1.05121700066e-56, 0.99998671092
-1, 0.0, 0.999986704038
-1, 3.52163798225e-164, 0.999986424746
-1, 0.0, 0.999922825812
-1, 0.0, 0.999864125244
-1, 4.16898101106e-26, 0.987718672346
-1, 0.09044150413, 0.999698264218
1, 0.0872230313695, 0.999708417876
-1, 2.10923296738e-35, 0.99998671092
-1, 2.17306234754e-302, 0.999986704038
-1, 6.7338604753e-126, 0.999986424746
-1, 0.0, 0.999922825812
-1, 0.0, 0.999864125244
-1, 1.08131480994e-44, 0.987718672346
1, 0.0863902535891, 0.999708417876
-1, 0.0172295331241, 0.999698264218
-1, 1.12692722287e-26, 0.99998671092
-1, 2.74142563671e-275, 0.999986704038
-1, 1.1309684116e-108, 0.999986424746
-1, 0.0, 0.999922825812
-1, 0.0, 0.999864125244
-1, 6.57861563382e-56, 0.987718672346
1, 0.0854611657399, 0.999708417876
-1, 0.000121065788496, 0.999698264218
-1, 3.11955386595e-19, 0.99998671092
-1, 1.83203884899e-249, 0.999986704038
-1, 1.00263576452e-92, 0.999986424746
-1, 0.0, 0.999922825812
-1, 0.0, 0.999864125244
-1, 2.10070514334e-68, 0.987718672346
1, 0.0701370400352, 0.999741342897
-1, 7.20799770763e-13, 0.999992965136
-1, 4.0160769753e-224, 0.99999296013
-1, 1.41758634687e-77, 0.999992756507
-1, 0.0, 0.999939287449
-1, 0.0, 0.999886289719
-1, 3.29793922311e-08, 0.999662782701
-1, 1.2965216584e-82, 0.987498955012
1, 0.0833129457448, 0.999741342897
-1, 3.17123326823e-08, 0.999992965136
-1, 1.21500902215e-201, 0.99999296013
-1, 1.15387200194e-64, 0.999992756507
-1, 0.0, 0.999939287449
-1, 0.0, 0.999886289719
-1, 5.84963566856e-13, 0.999662782701
-1, 3.1220824499e-97, 0.987498955012
1, 0.0681330566559, 0.999741342897
-1, 4.71173257287e-08, 0.999992965136
-1, 6.89386683234e-201, 0.99999296013
-1, 3.19612940502e-64, 0.999992756507
-1, 0.0, 0.999939287449
-1, 0.0, 0.999886289719
-1, 4.63359256752e-13, 0.999662782701
-1, 1.05082566161e-97, 0.987498955012
1, 0.0681330566559, 0.999741342897
-1, 4.71173257287e-08, 0.999992965136
-1, 6.89386683234e-201, 0.99999296013
-1, 3.19612940502e-64, 0.999992756507
-1, 0.0, 0.999939287449
-1, 0.0, 0.999886289719
-1, 4.63359256752e-13, 0.999662782701
-1, 1.05082566161e-97, 0.987498955012
1, 0.0820937046037, 0.999741342897
-1, 0.000110489485641, 0.999992965136
-1, 1.20504467093e-179, 0.99999296013
-1, 1.49337778862e-52, 0.999992756507
-1, 0.0, 0.999939287449
-1, 0.0, 0.999886289719
-1, 4.52314849896e-19, 0.999662782701
-1, 1.45718306819e-113, 0.987498955012
1, 0.0820937046037, 0.999741342897
-1, 0.000110489485641, 0.999992965136
-1, 1.20504467093e-179, 0.99999296013
-1, 1.49337778862e-52, 0.999992756507
-1, 0.0, 0.999939287449
-1, 0.0, 0.999886289719
-1, 4.52314849896e-19, 0.999662782701
-1, 1.45718306819e-113, 0.987498955012
1, 0.0820937046037, 0.999741342897
-1, 0.000110489485641, 0.999992965136
-1, 1.20504467093e-179, 0.99999296013
-1, 1.49337778862e-52, 0.999992756507
-1, 0.0, 0.999939287449
-1, 0.0, 0.999886289719
-1, 4.52314849896e-19, 0.999662782701
-1, 1.45718306819e-113, 0.987498955012
1, 0.0820937046037, 0.999741342897
-1, 0.000110489485641, 0.999992965136
-1, 1.20504467093e-179, 0.99999296013
-1, 1.49337778862e-52, 0.999992756507
-1, 0.0, 0.999939287449
-1, 0.0, 0.999886289719
-1, 4.52314849896e-19, 0.999662782701
-1, 1.45718306819e-113, 0.987498955012
1, 0.0820937046037, 0.999741342897
-1, 0.000110489485641, 0.999992965136
-1, 1.20504467093e-179, 0.99999296013
-1, 1.49337778862e-52, 0.999992756507
-1, 0.0, 0.999939287449
-1, 0.0, 0.999886289719
-1, 4.52314849896e-19, 0.999662782701
-1, 1.45718306819e-113, 0.987498955012
1, 0.0820937046037, 0.999741342897
-1, 0.000110489485641, 0.999992965136
-1, 1.20504467093e-179, 0.99999296013
-1, 1.49337778862e-52, 0.999992756507
-1, 0.0, 0.999939287449
-1, 0.0, 0.999886289719
-1, 4.52314849896e-19, 0.999662782701
-1, 1.45718306819e-113, 0.987498955012
1, 0.0820937046037, 0.999741342897
-1, 0.000110489485641, 0.999992965136
-1, 1.20504467093e-179, 0.99999296013
-1, 1.49337778862e-52, 0.999992756507
-1, 0.0, 0.999939287449
-1, 0.0, 0.999886289719
-1, 4.52314849896e-19, 0.999662782701
-1, 1.45718306819e-113, 0.987498955012
1, 0.0820937046037, 0.999741342897
-1, 0.000110489485641, 0.999992965136
-1, 1.20504467093e-179, 0.99999296013
-1, 1.49337778862e-52, 0.999992756507
-1, 0.0, 0.999939287449
-1, 0.0, 0.999886289719
-1, 4.52314849896e-19, 0.999662782701
-1, 1.45718306819e-113, 0.987498955012
1, 0.0820937046037, 0.999741342897
-1, 0.000110489485641, 0.999992965136
-1, 1.20504467093e-179, 0.99999296013
-1, 1.49337778862e-52, 0.999992756507
-1, 0.0, 0.999939287449
-1, 0.0, 0.999886289719
-1, 4.52314849896e-19, 0.999662782701
-1, 1.45718306819e-113, 0.987498955012
1, 0.0820937046037, 0.999741342897
-1, 0.000110489485641, 0.999992965136
-1, 1.20504467093e-179, 0.99999296013
-1, 1.49337778862e-52, 0.999992756507
-1, 0.0, 0.999939287449
-1, 0.0, 0.999886289719
-1, 4.52314849896e-19, 0.999662782701
-1, 1.45718306819e-113, 0.987498955012
1, 0.0820937046037, 0.999741342897
-1, 0.000110489485641, 0.999992965136
-1, 1.20504467093e-179, 0.99999296013
-1, 1.49337778862e-52, 0.999992756507
-1, 0.0, 0.999939287449
-1, 0.0, 0.999886289719
-1, 4.52314849896e-19, 0.999662782701
-1, 1.45718306819e-113, 0.987498955012
1, 0.0820937046037, 0.999741342897
-1, 0.000110489485641, 0.999992965136
-1, 1.20504467093e-179, 0.99999296013
-1, 1.49337778862e-52, 0.999992756507
-1, 0.0, 0.999939287449
-1, 0.0, 0.999886289719
-1, 4.52314849896e-19, 0.999662782701
-1, 1.45718306819e-113, 0.987498955012
1, 0.0820937046037, 0.999741342897
-1, 0.000110489485641, 0.999992965136
-1, 1.20504467093e-179, 0.99999296013
-1, 1.49337778862e-52, 0.999992756507
-1, 0.0, 0.999939287449
-1, 0.0, 0.999886289719
-1, 4.52314849896e-19, 0.999662782701
-1, 1.45718306819e-113, 0.987498955012
1, 0.0820937046037, 0.999741342897
-1, 0.000110489485641, 0.999992965136
-1, 1.20504467093e-179, 0.99999296013
-1, 1.49337778862e-52, 0.999992756507
-1, 0.0, 0.999939287449
-1, 0.0, 0.999886289719
-1, 4.52314849896e-19, 0.999662782701
-1, 1.45718306819e-113, 0.987498955012
1, 0.0820937046037, 0.999741342897
-1, 0.000110489485641, 0.999992965136
-1, 1.20504467093e-179, 0.99999296013
-1, 1.49337778862e-52, 0.999992756507
-1, 0.0, 0.999939287449
-1, 0.0, 0.999886289719
-1, 4.52314849896e-19, 0.999662782701
-1, 1.45718306819e-113, 0.987498955012
1, 0.0820937046037, 0.999741342897
-1, 0.000110489485641, 0.999992965136
-1, 1.20504467093e-179, 0.99999296013
-1, 1.49337778862e-52, 0.999992756507
-1, 0.0, 0.999939287449
-1, 0.0, 0.999886289719
-1, 4.52314849896e-19, 0.999662782701
-1, 1.45718306819e-113, 0.987498955012
1, 0.0820937046037, 0.999741342897
-1, 0.000110489485641, 0.999992965136
-1, 1.20504467093e-179, 0.99999296013
-1, 1.49337778862e-52, 0.999992756507
-1, 0.0, 0.999939287449
-1, 0.0, 0.999886289719
-1, 4.52314849896e-19, 0.999662782701
-1, 1.45718306819e-113, 0.987498955012
1, 0.0660418161994, 0.999741342897
-1, 0.000149370882945, 0.999992965136
-1, 6.26331507016e-179, 0.99999296013
-1, 3.78805219865e-52, 0.999992756507
-1, 0.0, 0.999939287449
-1, 0.0, 0.999886289719
-1, 3.28124638227e-19, 0.999662782701
-1, 4.49254524265e-114, 0.987498955012
1, 0.0820937046037, 0.999741342897
-1, 0.000110489485641, 0.999992965136
-1, 1.20504467093e-179, 0.99999296013
-1, 1.49337778862e-52, 0.999992756507
-1, 0.0, 0.999939287449
-1, 0.0, 0.999886289719
-1, 4.52314849896e-19, 0.999662782701
-1, 1.45718306819e-113, 0.987498955012
1, 0.0660418161994, 0.999741342897
-1, 0.000149370882945, 0.999992965136
-1, 6.26331507016e-179, 0.99999296013
-1, 3.78805219865e-52, 0.999992756507
-1, 0.0, 0.999939287449
-1, 0.0, 0.999886289719
-1, 3.28124638227e-19, 0.999662782701
-1, 4.49254524265e-114, 0.987498955012
1, 0.0820937046037, 0.999741342897
-1, 0.000110489485641, 0.999992965136
-1, 1.20504467093e-179, 0.99999296013
-1, 1.49337778862e-52, 0.999992756507
-1, 0.0, 0.999939287449
-1, 0.0, 0.999886289719
-1, 4.52314849896e-19, 0.999662782701
-1, 1.45718306819e-113, 0.987498955012
1, 0.0820937046037, 0.999741342897
-1, 0.000110489485641, 0.999992965136
-1, 1.20504467093e-179, 0.99999296013
-1, 1.49337778862e-52, 0.999992756507
-1, 0.0, 0.999939287449
-1, 0.0, 0.999886289719
-1, 4.52314849896e-19, 0.999662782701
-1, 1.45718306819e-113, 0.987498955012
1, 0.0820937046037, 0.999741342897
-1, 0.000110489485641, 0.999992965136
-1, 1.20504467093e-179, 0.99999296013
-1, 1.49337778862e-52, 0.999992756507
-1, 0.0, 0.999939287449
-1, 0.0, 0.999886289719
-1, 4.52314849896e-19, 0.999662782701
-1, 1.45718306819e-113, 0.987498955012
1, 0.0660418161994, 0.999741342897
-1, 0.000149370882945, 0.999992965136
-1, 6.26331507016e-179, 0.99999296013
-1, 3.78805219865e-52, 0.999992756507
-1, 0.0, 0.999939287449
-1, 0.0, 0.999886289719
-1, 3.28124638227e-19, 0.999662782701
-1, 4.49254524265e-114, 0.987498955012
1, 0.0820937046037, 0.999741342897
-1, 0.000110489485641, 0.999992965136
-1, 1.20504467093e-179, 0.99999296013
-1, 1.49337778862e-52, 0.999992756507
-1, 0.0, 0.999939287449
-1, 0.0, 0.999886289719
-1, 4.52314849896e-19, 0.999662782701
-1, 1.45718306819e-113, 0.987498955012
1, 0.0820937046037, 0.999741342897
-1, 0.000110489485641, 0.999992965136
-1, 1.20504467093e-179, 0.99999296013
-1, 1.49337778862e-52, 0.999992756507
-1, 0.0, 0.999939287449
-1, 0.0, 0.999886289719
-1, 4.52314849896e-19, 0.999662782701
-1, 1.45718306819e-113, 0.987498955012
1, 0.0660418161994, 0.999741342897
-1, 0.000149370882945, 0.999992965136
-1, 6.26331507016e-179, 0.99999296013
-1, 3.78805219865e-52, 0.999992756507
-1, 0.0, 0.999939287449
-1, 0.0, 0.999886289719
-1, 3.28124638227e-19, 0.999662782701
-1, 4.49254524265e-114, 0.987498955012
1, 0.0660418161994, 0.999741342897
-1, 0.000149370882945, 0.999992965136
-1, 6.26331507016e-179, 0.99999296013
-1, 3.78805219865e-52, 0.999992756507
-1, 0.0, 0.999939287449
-1, 0.0, 0.999886289719
-1, 3.28124638227e-19, 0.999662782701
-1, 4.49254524265e-114, 0.987498955012
1, 0.0820937046037, 0.999741342897
-1, 0.000110489485641, 0.999992965136
-1, 1.20504467093e-179, 0.99999296013
-1, 1.49337778862e-52, 0.999992756507
-1, 0.0, 0.999939287449
-1, 0.0, 0.999886289719
-1, 4.52314849896e-19, 0.999662782701
-1, 1.45718306819e-113, 0.987498955012
1, 0.0820937046037, 0.999741342897
-1, 0.000110489485641, 0.999992965136
-1, 1.20504467093e-179, 0.99999296013
-1, 1.49337778862e-52, 0.999992756507
-1, 0.0, 0.999939287449
-1, 0.0, 0.999886289719
-1, 4.52314849896e-19, 0.999662782701
-1, 1.45718306819e-113, 0.987498955012
1, 0.0660418161994, 0.999741342897
-1, 0.000149370882945, 0.999992965136
-1, 6.26331507016e-179, 0.99999296013
-1, 3.78805219865e-52, 0.999992756507
-1, 0.0, 0.999939287449
-1, 0.0, 0.999886289719
-1, 3.28124638227e-19, 0.999662782701
-1, 4.49254524265e-114, 0.987498955012
1, 0.0807779408988, 0.999741342897
-1, 0.0171702396351, 0.999992965136
-1, 6.32332265957e-159, 0.99999296013
-1, 1.01375752706e-41, 0.999992756507
-1, 0.0, 0.999939287449
-1, 0.0, 0.999886289719
-1, 1.79401028516e-26, 0.999662782701
-1, 3.5908317867e-131, 0.987498955012
-1, 0.0205398633265, 0.510410540082
-1, 0.0171702396351, 0.51183885912
1, 0.0638653089391, 0.999741342897
-1, 0.0208341952868, 0.999992965136
-1, 3.01062491692e-158, 0.99999296013
-1, 2.3545342001e-41, 0.999992756507
-1, 0.0, 0.999939287449
-1, 0.0, 0.999886289719
-1, 1.19189197356e-26, 0.999662782701
-1, 1.01409048025e-131, 0.987498955012
-1, 0.0226698636482, 0.510410540082
-1, 0.0208341952868, 0.51183885912
1, 0.0397410784801, 0.999741342897
-1, 0.0243173101551, 0.999992965136
-1, 1.37206927778e-157, 0.99999296013
-1, 5.23535356414e-41, 0.999992756507
-1, 0.0, 0.999939287449
-1, 0.0, 0.999886289719
-1, 7.58195963116e-27, 0.999662782701
-1, 2.74139629112e-132, 0.987498955012
-1, 0.0249443622932, 0.510410540082
-1, 0.0243173101551, 0.51183885912
1, 0.0397410784801, 0.999741342897
-1, 0.0243173101551, 0.999992965136
-1, 1.37206927778e-157, 0.99999296013
-1, 5.23535356414e-41, 0.999992756507
-1, 0.0, 0.999939287449
-1, 0.0, 0.999886289719
-1, 7.58195963116e-27, 0.999662782701
-1, 2.74139629112e-132, 0.987498955012
-1, 0.0249443622932, 0.510410540082
-1, 0.0243173101551, 0.51183885912
-1, 0.0767817942615, 0.893280940633
-1, 0.0767817942615, 0.815929840727
-1, 0.072676130683, 0.814821212528
1, 0.0368386691954, 0.884846146722
-1, 2.99513090593e-151, 0.953184894112
-1, 1.30672037352e-35, 0.905907882258
-1, 3.19477850725e-138, 0.893280357887
-1, 1.5573084502e-31, 0.893256830364
-1, 0.0, 0.890086476202
-1, 3.09775611648e-296, 0.888283557692
1, 0.068301694338, 0.916528507673
-1, 0.0681154435572, 0.915736484758
-1, 0.068301694338, 0.784200263729
-1, 1.33923244704e-40, 0.916549235645
-1, 7.09952985409e-152, 0.870295634698
-1, 0.00766753497454, 0.773048532299
-1, 7.28812132883e-36, 0.801235792888
-1, 1.27666132836e-137, 0.784199487299
-1, 3.03516125403e-31, 0.78416814073
-1, 0.0, 0.779956732549
1, 0.0608972808635, 0.999895070579
-1, 0.00925346409398, 0.999863762232
-1, 3.6953375894e-29, 0.999895836829
-1, 1.3791964984e-140, 0.63252317578
-1, 0.030975009278, 0.505999993489
-1, 0.00925346409398, 0.519426425368
-1, 1.12008734393e-30, 0.540404058087
-1, 3.6370073176e-151, 0.519425482383
-1, 2.55667134503e-38, 0.519387412486
-1, 0.0, 0.514289800277
1, 0.0793688551147, 0.998502081299
-1, 0.000653426711076, 0.998389541568
-1, 2.57891806642e-23, 0.998504978296
1, 0.0818812409989, 0.998502081299
-1, 0.000359626386306, 0.998389541568
-1, 2.08098836629e-22, 0.998504978296
1, 0.0858421211456, 0.981500609168
-1, 1.05768102592e-13, 0.981510706463
-1, 2.60546613934e-08, 0.981113620911
1, 0.072998664804, 0.981500609168
-1, 4.08815094853e-11, 0.981510706463
-1, 2.12295420467e-10, 0.981113620911
1, 0.0186104067644, 0.999205040672
-1, 1.97508572066e-06, 0.999207151489
-1, 3.13331968607e-16, 0.999122472002
1, 0.0816644605994, 0.999205040672
-1, 0.0019691772169, 0.999207151489
-1, 7.36918063295e-25, 0.999122472002
1, 0.0905054631544, 0.999205040672
-1, 0.0467270505991, 0.999207151489
-1, 1.49634752639e-31, 0.999122472002
-1, 0.0795080004889, 0.999746005665
1, 0.0773112843286, 0.999744810009
-1, 3.5138459841e-39, 0.999697130674
-1, 0.0900986794815, 0.999744810009
1, 0.0468111559317, 0.999746005665
-1, 1.82550968758e-46, 0.999697130674
-1, 0.0383513502764, 0.999744810009
1, 0.0119185402056, 0.999746005665
-1, 4.63483560577e-53, 0.999697130674
1, 0.0322383063021, 0.999746005665
-1, 0.00240376202516, 0.999744810009
-1, 1.32406200865e-61, 0.999697130674
1, 0.0898162741094, 0.999746005665
-1, 2.92475290237e-06, 0.999744810009
-1, 3.51282554942e-74, 0.999697130674
1, 0.0839085402175, 0.999746005665
-1, 1.83597420716e-09, 0.999744810009
-1, 8.08122393863e-86, 0.999697130674
1, 0.0645712435814, 0.999746005665
-1, 2.48390505624e-12, 0.999744810009
-1, 1.0540220683e-94, 0.999697130674
1, 0.0272372790173, 0.999746005665
-1, 2.06900988856e-16, 0.999744810009
-1, 5.40282085713e-106, 0.999697130674
1, 0.00228529638903, 0.999746005665
-1, 1.62649902229e-19, 0.999744810009
-1, 6.68103745379e-114, 0.999697130674
1, 0.0244435204802, 0.999746005665
-1, 4.79924012288e-22, 0.999744810009
-1, 4.9434844652e-120, 0.999697130674
1, 0.03839277089, 0.999746005665
-1, 0.0117862454449, 0.999795532152
-1, 0.0, 0.999874029816
-1, 7.9160595199e-24, 0.999744810009
-1, 3.24792279672e-124, 0.999697130674
-1, 0.0, 0.995676731644
-1, 0.0, 0.99366870408
-1, 0.0, 0.992290990285
-1, 0.0, 0.992225915502
-1, 2.36228554322e-06, 0.989168763761
1, 0.03839277089, 0.999746005665
-1, 0.0117862454449, 0.999795532152
-1, 0.0, 0.999874029816
-1, 7.9160595199e-24, 0.999744810009
-1, 3.24792279672e-124, 0.999697130674
-1, 0.0, 0.995676731644
-1, 0.0, 0.99366870408
-1, 0.0, 0.992290990285
-1, 0.0, 0.992225915502
-1, 2.36228554322e-06, 0.989168763761
1, 0.0449663790401, 0.999746005665
-1, 0.0180029435656, 0.999795532152
-1, 0.0, 0.999874029816
-1, 9.51509325883e-25, 0.999744810009
-1, 2.46505874085e-126, 0.999697130674
-1, 0.0, 0.995676731644
-1, 0.0, 0.99366870408
-1, 0.0, 0.992290990285
-1, 0.0, 0.992225915502
-1, 6.12840118458e-06, 0.989168763761
1, 0.0570858999282, 0.999746005665
-1, 0.0362270937917, 0.999795532152
-1, 0.0, 0.999874029816
-1, 1.20426025788e-26, 0.999744810009
-1, 1.24492537162e-130, 0.999697130674
-1, 0.0, 0.995676731644
-1, 0.0, 0.99366870408
-1, 0.0, 0.992290990285
-1, 0.0, 0.992225915502
-1, 3.59924281832e-05, 0.989168763761
1, 0.072146340923, 0.999746005665
-1, 0.0709520687756, 0.999795532152
-1, 0.0, 0.999874029816
-1, 1.23170162003e-29, 0.999744810009
-1, 3.21592637497e-137, 0.999697130674
-1, 0.0, 0.995676731644
-1, 0.0, 0.99366870408
-1, 0.0, 0.992290990285
-1, 0.0, 0.992225915502
-1, 0.000363735535321, 0.989168763761
